Jam-6,9,4416,419,419,525
Jam-6,9,4412,419,419,525
Jam-6,9,4416,419,419,525
Jam-6,9,4415,419,419,526
Jam-6,9,4425,420,420,525
Jam-6,9,4383,416,416,524
Jam-6,9,4395,417,417,527
Jam-6,9,4425,420,420,525
Jam-6,9,4392,417,417,525
Jam-6,9,4392,417,417,525
Jam-6,9,4403,418,418,524
Jam-6,9,4416,419,419,525
Jam-6,9,4416,419,419,525
Jam-6,9,4383,416,416,524
Jam-6,9,4437,421,421,526
Jam-6,9,4394,417,417,524
Jam-6,9,4407,418,418,524
Jam-6,9,4383,416,416,524
Jam-6,9,4383,416,416,524
Jam-6,9,4392,417,417,525
Jam-6,9,4437,421,421,526
Jam-6,9,4425,420,420,525
Jam-6,9,4392,417,417,524
Jam-6,9,4437,421,421,526
Jam-6,9,4395,417,417,527
Jam-6,9,4405,418,418,524
Jam-6,9,4403,418,418,524
Jam-6,9,4392,417,417,524
Jam-6,9,4383,416,416,524
Jam-6,9,4395,417,417,527
Jam-6,9,4404,418,418,527
Jam-6,9,4395,417,417,527
Jam-6,9,4408,418,418,527
Jam-6,9,4437,421,421,526
Jam-6,9,4417,419,419,527
Jam-6,9,4416,419,419,525
Jam-6,9,4394,417,417,524
Jam-6,9,4383,416,416,524
Jam-6,9,4392,417,417,524
Jam-6,9,4392,417,417,525
Jam-6,9,4403,418,418,525
Jam-6,9,4403,418,418,525
Jam-6,9,4394,417,417,524
Jam-6,9,4383,416,416,524
Jam-6,9,4403,418,418,525
Jam-6,9,4426,420,420,527
Jam-6,9,4425,420,420,525
Jam-6,9,4395,417,417,527
Jam-6,9,4417,419,419,527
Jam-6,9,4383,416,416,524
Jam-6,9,4415,419,419,526
Jam-6,9,4403,418,418,524
Jam-6,9,4403,418,418,524
Jam-6,9,4392,417,417,525
Jam-6,9,4424,420,420,526
Jam-6,9,4392,417,417,525
Jam-6,9,4424,420,420,526
Jam-6,9,4425,420,420,525
Jam-6,9,4428,420,420,526
Jam-6,9,4404,418,418,527
Jam-6,9,4396,417,417,524
Jam-6,9,4392,417,417,524
Jam-6,9,4428,420,420,526
Jam-6,9,4383,416,416,524
Jam-6,9,4403,418,418,525
Jam-6,9,4408,418,418,527
Jam-6,9,4383,416,416,524
Jam-6,9,4408,418,418,527
Jam-6,9,4437,421,421,526
Jam-6,9,4428,420,420,526
Jam-6,9,4383,416,416,524
Jam-6,9,4392,417,417,524
Jam-6,9,4425,420,420,525
Jam-6,9,4415,419,419,526
Jam-6,9,4404,418,418,527
Jam-6,9,4395,417,417,527
Jam-6,9,4392,417,417,525
Jam-6,9,4437,421,421,526
Jam-6,9,4417,419,419,527
Jam-6,9,4383,416,416,524
Jam-6,9,4424,420,420,526
Jam-6,9,4394,417,417,524
Jam-6,9,4394,417,417,524
Jam-6,9,4426,420,420,527
Jam-6,9,4425,420,420,525
Jam-6,9,4383,416,416,524
Jam-6,9,4395,417,417,527
Jam-6,9,4408,418,418,527
Jam-6,9,4419,419,419,526
Jam-6,9,4416,419,419,525
Jam-6,9,4425,420,420,525
Jam-6,9,4383,416,416,524
Jam-6,9,4392,417,417,524
Jam-6,9,4428,420,420,526
Jam-6,9,4437,421,421,526
Jam-6,9,4412,419,419,525
Jam-6,9,4414,419,419,525
Jam-6,9,4425,420,420,525
Jam-6,9,4383,416,416,524
Jam-6,9,4426,420,420,527
