Jam-19,22,3570,483,483,46
Jam-19,22,3572,484,484,44
Jam-19,22,3587,487,487,42
Jam-19,22,3590,485,485,54
Jam-19,22,3584,485,485,49
Jam-19,22,3562,482,482,44
Jam-19,22,3562,482,482,44
Jam-19,22,3601,487,487,51
Jam-19,22,3562,482,482,44
Jam-19,22,3575,484,484,47
Jam-19,22,3619,490,490,54
Jam-19,22,3588,486,486,48
Jam-19,22,3592,486,486,52
Jam-19,22,3566,483,483,43
Jam-19,22,3562,482,482,44
Jam-19,22,3566,483,483,43
Jam-19,22,3638,491,491,58
Jam-19,22,3597,486,486,52
Jam-19,22,3607,488,488,52
Jam-19,22,3586,485,485,51
Jam-19,22,3562,482,482,44
Jam-19,22,3581,485,485,46
Jam-19,22,3613,490,490,50
Jam-19,22,3695,500,500,60
Jam-19,22,3584,485,485,49
Jam-19,22,3566,483,483,43
Jam-19,22,3640,492,492,54
Jam-19,22,3576,484,484,46
Jam-19,22,3580,484,484,50
Jam-19,22,3663,496,496,58
Jam-19,22,3568,483,483,45
Jam-19,22,3657,494,494,57
Jam-19,22,3562,482,482,44
Jam-19,22,3573,483,483,47
Jam-19,22,3575,484,484,46
Jam-19,22,3648,492,492,58
Jam-19,22,3572,483,483,48
Jam-19,22,3607,488,488,51
Jam-19,22,3562,482,482,44
Jam-19,22,3571,483,483,46
Jam-19,22,3562,482,482,44
Jam-19,22,3570,483,483,46
Jam-19,22,3596,487,487,52
Jam-19,22,3585,485,485,49
Jam-19,22,3709,500,500,69
Jam-19,22,3667,496,496,62
Jam-19,22,3592,486,486,49
Jam-19,22,3636,490,490,62
Jam-19,22,3584,485,485,48
Jam-19,22,3562,482,482,44
Jam-19,22,3609,488,488,53
Jam-19,22,3593,486,486,51
Jam-19,22,3562,482,482,44
Jam-19,22,3576,484,484,46
Jam-19,22,3568,483,483,44
Jam-19,22,3658,496,496,57
Jam-19,22,3573,484,484,45
Jam-19,22,3566,483,483,43
Jam-19,22,3578,484,484,48
Jam-19,22,3568,483,483,44
Jam-19,22,3616,489,489,52
Jam-19,22,3562,482,482,44
Jam-19,22,3562,482,482,44
Jam-19,22,3617,489,489,53
Jam-19,22,3562,482,482,44
Jam-19,22,3646,492,492,63
Jam-19,22,3590,486,486,48
Jam-19,22,3566,483,483,43
Jam-19,22,3572,483,483,48
Jam-19,22,3571,483,483,46
Jam-19,22,3570,483,483,46
Jam-19,22,3562,482,482,44
Jam-19,22,3578,484,484,48
Jam-19,22,3624,491,491,54
Jam-19,22,3562,482,482,44
Jam-19,22,3578,484,484,48
Jam-19,22,3604,488,488,51
Jam-19,22,3578,484,484,48
Jam-19,22,3608,488,488,54
Jam-19,22,3562,482,482,44
Jam-19,22,3562,482,482,44
Jam-19,22,3580,485,485,45
Jam-19,22,3648,493,493,57
Jam-19,22,3584,485,485,50
Jam-19,22,3626,491,491,54
Jam-19,22,3584,485,485,49
Jam-19,22,3562,482,482,44
Jam-19,22,3570,483,483,46
Jam-19,22,3614,489,489,54
Jam-19,22,3575,484,484,47
Jam-19,22,3590,487,487,45
Jam-19,22,3632,492,492,54
Jam-19,22,3611,490,490,47
Jam-19,22,3573,483,483,47
Jam-19,22,3602,486,486,54
Jam-19,22,3623,490,490,55
Jam-19,22,3599,486,486,54
Jam-19,22,3579,484,484,50
Jam-19,22,3641,493,493,55
Jam-19,22,3618,489,489,56
