Jam-12,17,10734,1158,1158,154
Jam-12,17,10740,1159,1159,153
Jam-12,17,10740,1159,1159,153
Jam-12,17,10734,1158,1158,154
Jam-12,17,10734,1158,1158,154
Jam-12,17,10734,1158,1158,154
Jam-12,17,10734,1158,1158,154
Jam-12,17,10740,1159,1159,153
Jam-12,17,10734,1158,1158,154
Jam-12,17,10734,1158,1158,154
Jam-12,17,10745,1160,1160,152
Jam-12,17,10734,1158,1158,154
Jam-12,17,10734,1158,1158,154
Jam-12,17,10734,1158,1158,154
Jam-12,17,10739,1159,1159,153
Jam-12,17,10734,1158,1158,154
Jam-12,17,10740,1159,1159,153
Jam-12,17,10734,1158,1158,154
Jam-12,17,10734,1158,1158,154
Jam-12,17,10734,1158,1158,154
Jam-12,17,10734,1158,1158,154
Jam-12,17,10734,1158,1158,154
Jam-12,17,10734,1158,1158,154
Jam-12,17,10734,1158,1158,154
Jam-12,17,10734,1158,1158,154
Jam-12,17,10734,1158,1158,154
Jam-12,17,10734,1158,1158,154
Jam-12,17,10734,1158,1158,154
Jam-12,17,10734,1158,1158,154
Jam-12,17,10734,1158,1158,154
Jam-12,17,10734,1158,1158,154
Jam-12,17,10734,1158,1158,154
Jam-12,17,10734,1158,1158,154
Jam-12,17,10740,1159,1159,153
Jam-12,17,10734,1158,1158,154
Jam-12,17,10734,1158,1158,154
Jam-12,17,10740,1159,1159,153
Jam-12,17,10734,1158,1158,154
Jam-12,17,10734,1158,1158,154
Jam-12,17,10734,1158,1158,154
Jam-12,17,10734,1158,1158,154
Jam-12,17,10734,1158,1158,154
Jam-12,17,10734,1158,1158,154
Jam-12,17,10734,1158,1158,154
Jam-12,17,10740,1159,1159,153
Jam-12,17,10734,1158,1158,154
Jam-12,17,10734,1158,1158,154
Jam-12,17,10734,1158,1158,154
Jam-12,17,10734,1158,1158,154
Jam-12,17,10745,1160,1160,152
Jam-12,17,10734,1158,1158,154
Jam-12,17,10740,1159,1159,153
Jam-12,17,10734,1158,1158,154
Jam-12,17,10739,1159,1159,153
Jam-12,17,10734,1158,1158,154
Jam-12,17,10734,1158,1158,154
Jam-12,17,10734,1158,1158,154
Jam-12,17,10739,1159,1159,153
Jam-12,17,10734,1158,1158,154
Jam-12,17,10734,1158,1158,154
Jam-12,17,10740,1159,1159,153
Jam-12,17,10734,1158,1158,154
Jam-12,17,10734,1158,1158,154
Jam-12,17,10734,1158,1158,154
Jam-12,17,10734,1158,1158,154
Jam-12,17,10734,1158,1158,154
Jam-12,17,10734,1158,1158,154
Jam-12,17,10734,1158,1158,154
Jam-12,17,10734,1158,1158,154
Jam-12,17,10734,1158,1158,154
Jam-12,17,10734,1158,1158,154
Jam-12,17,10734,1158,1158,154
Jam-12,17,10739,1159,1159,153
Jam-12,17,10734,1158,1158,154
Jam-12,17,10734,1158,1158,154
Jam-12,17,10739,1159,1159,153
Jam-12,17,10746,1160,1160,152
Jam-12,17,10734,1158,1158,154
Jam-12,17,10734,1158,1158,154
Jam-12,17,10734,1158,1158,154
Jam-12,17,10734,1158,1158,154
Jam-12,17,10734,1158,1158,154
Jam-12,17,10734,1158,1158,154
Jam-12,17,10734,1158,1158,154
Jam-12,17,10734,1158,1158,154
Jam-12,17,10734,1158,1158,154
Jam-12,17,10740,1159,1159,153
Jam-12,17,10734,1158,1158,154
Jam-12,17,10740,1159,1159,153
Jam-12,17,10734,1158,1158,154
Jam-12,17,10734,1158,1158,154
Jam-12,17,10734,1158,1158,154
Jam-12,17,10734,1158,1158,154
Jam-12,17,10740,1159,1159,153
Jam-12,17,10734,1158,1158,154
Jam-12,17,10734,1158,1158,154
Jam-12,17,10734,1158,1158,154
Jam-12,17,10734,1158,1158,154
Jam-12,17,10734,1158,1158,154
Jam-12,17,10734,1158,1158,154
