Jam-12,17,11649,1267,1267,63
Jam-12,17,11649,1267,1267,63
Jam-12,17,11649,1267,1267,63
Jam-12,17,11655,1268,1268,62
Jam-12,17,11649,1267,1267,63
Jam-12,17,11649,1267,1267,63
Jam-12,17,11649,1267,1267,63
Jam-12,17,11659,1269,1269,61
Jam-12,17,11659,1269,1269,61
Jam-12,17,11649,1267,1267,63
Jam-12,17,11649,1267,1267,63
Jam-12,17,11649,1267,1267,63
Jam-12,17,11649,1267,1267,63
Jam-12,17,11649,1267,1267,63
Jam-12,17,11649,1267,1267,63
Jam-12,17,11649,1267,1267,63
Jam-12,17,11656,1268,1268,62
Jam-12,17,11649,1267,1267,63
Jam-12,17,11660,1269,1269,61
Jam-12,17,11654,1268,1268,62
Jam-12,17,11649,1267,1267,63
Jam-12,17,11655,1268,1268,62
Jam-12,17,11655,1268,1268,62
Jam-12,17,11649,1267,1267,63
Jam-12,17,11671,1271,1271,59
Jam-12,17,11655,1268,1268,62
Jam-12,17,11649,1267,1267,63
Jam-12,17,11649,1267,1267,63
Jam-12,17,11661,1269,1269,61
Jam-12,17,11660,1269,1269,61
Jam-12,17,11649,1267,1267,63
Jam-12,17,11649,1267,1267,63
Jam-12,17,11654,1268,1268,62
Jam-12,17,11689,1274,1274,56
Jam-12,17,11649,1267,1267,63
Jam-12,17,11694,1275,1275,55
Jam-12,17,11649,1267,1267,63
Jam-12,17,11664,1270,1270,60
Jam-12,17,11649,1267,1267,63
Jam-12,17,11672,1271,1271,59
Jam-12,17,11654,1268,1268,62
Jam-12,17,11656,1268,1268,62
Jam-12,17,11649,1267,1267,63
Jam-12,17,11649,1267,1267,63
Jam-12,17,11665,1270,1270,60
Jam-12,17,11649,1267,1267,63
Jam-12,17,11655,1268,1268,62
Jam-12,17,11649,1267,1267,63
Jam-12,17,11649,1267,1267,63
Jam-12,17,11655,1268,1268,62
Jam-12,17,11654,1268,1268,62
Jam-12,17,11654,1268,1268,62
Jam-12,17,11649,1267,1267,63
Jam-12,17,11672,1271,1271,59
Jam-12,17,11655,1268,1268,62
Jam-12,17,11720,1279,1279,51
Jam-12,17,11649,1267,1267,63
Jam-12,17,11685,1273,1273,57
Jam-12,17,11655,1268,1268,62
Jam-12,17,11649,1267,1267,63
Jam-12,17,11661,1269,1269,61
Jam-12,17,11661,1269,1269,61
Jam-12,17,11649,1267,1267,63
Jam-12,17,11676,1272,1272,58
Jam-12,17,11649,1267,1267,63
Jam-12,17,11655,1268,1268,62
Jam-12,17,11660,1269,1269,61
Jam-12,17,11712,1278,1278,52
Jam-12,17,11649,1267,1267,63
Jam-12,17,11649,1267,1267,63
Jam-12,17,11669,1271,1271,59
Jam-12,17,11649,1267,1267,63
Jam-12,17,11660,1269,1269,61
Jam-12,17,11656,1268,1268,62
Jam-12,17,11674,1271,1271,59
Jam-12,17,11649,1267,1267,63
Jam-12,17,11649,1267,1267,63
Jam-12,17,11661,1269,1269,61
Jam-12,17,11649,1267,1267,63
Jam-12,17,11728,1281,1281,49
Jam-12,17,11661,1269,1269,61
Jam-12,17,11649,1267,1267,63
Jam-12,17,11655,1268,1268,62
Jam-12,17,11649,1267,1267,63
Jam-12,17,11666,1270,1270,60
Jam-12,17,11649,1267,1267,63
Jam-12,17,11649,1267,1267,63
Jam-12,17,11649,1267,1267,63
Jam-12,17,11649,1267,1267,63
Jam-12,17,11667,1270,1270,60
Jam-12,17,11649,1267,1267,63
Jam-12,17,11649,1267,1267,63
Jam-12,17,11649,1267,1267,63
Jam-12,17,11676,1272,1272,58
Jam-12,17,11649,1267,1267,63
Jam-12,17,11655,1268,1268,62
Jam-12,17,11661,1269,1269,61
Jam-12,17,11649,1267,1267,63
Jam-12,17,11649,1267,1267,63
Jam-12,17,11649,1267,1267,63
