Jam-19,22,3550,479,479,50
Jam-19,22,3571,481,481,55
Jam-19,22,3577,482,482,57
Jam-19,22,3542,478,478,48
Jam-19,22,3552,479,479,52
Jam-19,22,3558,480,480,52
Jam-19,22,3550,479,479,50
Jam-19,22,3550,479,479,50
Jam-19,22,3553,479,479,51
Jam-19,22,3567,481,481,54
Jam-19,22,3561,481,481,50
Jam-19,22,3557,480,480,52
Jam-19,22,3562,480,480,53
Jam-19,22,3551,479,479,50
Jam-19,22,3542,478,478,48
Jam-19,22,3550,479,479,50
Jam-19,22,3553,479,479,51
Jam-19,22,3542,478,478,48
Jam-19,22,3577,482,482,55
Jam-19,22,3593,484,484,61
Jam-19,22,3549,479,479,50
Jam-19,22,3581,482,482,58
Jam-19,22,3564,481,481,52
Jam-19,22,3556,480,480,50
Jam-19,22,3578,482,482,57
Jam-19,22,3552,479,479,52
Jam-19,22,3550,479,479,50
Jam-19,22,3589,483,483,62
Jam-19,22,3604,485,485,63
Jam-19,22,3562,480,480,53
Jam-19,22,3542,478,478,48
Jam-19,22,3542,478,478,48
Jam-19,22,3576,482,482,56
Jam-19,22,3556,480,480,50
Jam-19,22,3559,480,480,54
Jam-19,22,3603,485,485,62
Jam-19,22,3551,479,479,50
Jam-19,22,3556,480,480,52
Jam-19,22,3542,478,478,48
Jam-19,22,3574,482,482,56
Jam-19,22,3553,479,479,51
Jam-19,22,3558,480,480,52
Jam-19,22,3550,479,479,50
Jam-19,22,3550,479,479,50
Jam-19,22,3558,480,480,52
Jam-19,22,3542,478,478,48
Jam-19,22,3557,480,480,50
Jam-19,22,3587,483,483,59
Jam-19,22,3581,482,482,59
Jam-19,22,3556,480,480,50
Jam-19,22,3590,483,483,62
Jam-19,22,3556,480,480,52
Jam-19,22,3600,485,485,61
Jam-19,22,3550,479,479,50
Jam-19,22,3597,484,484,62
Jam-19,22,3549,479,479,50
Jam-19,22,3564,480,480,54
Jam-19,22,3551,479,479,50
Jam-19,22,3574,482,482,56
Jam-19,22,3563,481,481,51
Jam-19,22,3542,478,478,48
Jam-19,22,3567,481,481,56
Jam-19,22,3556,480,480,50
Jam-19,22,3570,482,482,54
Jam-19,22,3575,482,482,56
Jam-19,22,3581,482,482,59
Jam-19,22,3590,483,483,60
Jam-19,22,3606,485,485,64
Jam-19,22,3542,478,478,48
Jam-19,22,3561,480,480,54
Jam-19,22,3571,481,481,55
Jam-19,22,3560,480,480,54
Jam-19,22,3551,479,479,50
Jam-19,22,3552,479,479,52
Jam-19,22,3552,479,479,52
Jam-19,22,3568,481,481,56
Jam-19,22,3542,478,478,48
Jam-19,22,3557,480,480,52
Jam-19,22,3580,482,482,58
Jam-19,22,3568,481,481,55
Jam-19,22,3576,482,482,56
Jam-19,22,3572,482,482,56
Jam-19,22,3551,479,479,50
Jam-19,22,3542,478,478,48
Jam-19,22,3578,482,482,57
Jam-19,22,3571,481,481,55
Jam-19,22,3542,478,478,48
Jam-19,22,3590,483,483,60
Jam-19,22,3604,485,485,63
Jam-19,22,3563,481,481,52
Jam-19,22,3610,485,485,65
Jam-19,22,3560,480,480,54
Jam-19,22,3559,480,480,54
Jam-19,22,3568,481,481,56
Jam-19,22,3567,481,481,54
Jam-19,22,3542,478,478,48
Jam-19,22,3552,479,479,52
Jam-19,22,3542,478,478,48
Jam-19,22,3557,480,480,52
Jam-19,22,3542,478,478,48
