Jam-1,8,3449,306,306,427,1
Jam-1,8,3422,303,303,430,1
Jam-1,8,3431,304,304,429,1
Jam-1,8,3440,305,305,428,1
Jam-1,8,3422,303,303,430,1
Jam-1,8,3422,303,303,430,1
Jam-1,8,3422,303,303,430,1
Jam-1,8,3422,303,303,430,1
Jam-1,8,3422,303,303,430,1
Jam-1,8,3422,303,303,430,1
Jam-1,8,3440,305,305,428,1
Jam-1,8,3439,305,305,428,1
Jam-1,8,3440,305,305,428,1
Jam-1,8,3422,303,303,430,1
Jam-1,8,3448,306,306,427,1
Jam-1,8,3430,304,304,429,1
Jam-1,8,3458,307,307,426,1
Jam-1,8,3422,303,303,430,1
Jam-1,8,3458,307,307,426,1
Jam-1,8,3456,307,307,426,1
Jam-1,8,3422,303,303,430,1
Jam-1,8,3422,303,303,430,1
Jam-1,8,3430,304,304,429,1
Jam-1,8,3439,305,305,428,1
Jam-1,8,3440,305,305,428,1
Jam-1,8,3422,303,303,430,1
Jam-1,8,3430,304,304,429,1
Jam-1,8,3430,304,304,429,1
Jam-1,8,3447,306,306,427,1
Jam-1,8,3422,303,303,430,1
Jam-1,8,3456,307,307,426,1
Jam-1,8,3449,306,306,427,1
Jam-1,8,3440,305,305,428,1
Jam-1,8,3422,303,303,430,1
Jam-1,8,3422,303,303,430,1
Jam-1,8,3422,303,303,430,1
Jam-1,8,3422,303,303,430,1
Jam-1,8,3422,303,303,430,1
Jam-1,8,3440,305,305,428,1
Jam-1,8,3440,305,305,428,1
Jam-1,8,3458,307,307,426,1
Jam-1,8,3431,304,304,429,1
Jam-1,8,3431,304,304,429,1
Jam-1,8,3422,303,303,430,1
Jam-1,8,3422,303,303,430,1
Jam-1,8,3456,307,307,426,1
Jam-1,8,3422,303,303,430,1
Jam-1,8,3430,304,304,429,1
Jam-1,8,3440,305,305,428,1
Jam-1,8,3422,303,303,430,1
Jam-1,8,3449,306,306,427,1
Jam-1,8,3422,303,303,430,1
Jam-1,8,3440,305,305,428,1
Jam-1,8,3422,303,303,430,1
Jam-1,8,3422,303,303,430,1
Jam-1,8,3440,305,305,428,1
Jam-1,8,3448,306,306,427,1
Jam-1,8,3431,304,304,429,1
Jam-1,8,3456,307,307,426,1
Jam-1,8,3438,305,305,428,1
Jam-1,8,3448,306,306,427,1
Jam-1,8,3448,306,306,427,1
Jam-1,8,3422,303,303,430,1
Jam-1,8,3422,303,303,430,1
Jam-1,8,3430,304,304,429,1
Jam-1,8,3458,307,307,426,1
Jam-1,8,3422,303,303,430,1
Jam-1,8,3440,305,305,428,1
Jam-1,8,3422,303,303,430,1
Jam-1,8,3456,307,307,426,1
Jam-1,8,3438,305,305,428,1
Jam-1,8,3447,306,306,427,1
Jam-1,8,3431,304,304,429,1
Jam-1,8,3422,303,303,430,1
Jam-1,8,3467,308,308,425,1
Jam-1,8,3430,304,304,429,1
Jam-1,8,3430,304,304,429,1
Jam-1,8,3457,307,307,426,1
Jam-1,8,3422,303,303,430,1
Jam-1,8,3448,306,306,427,1
Jam-1,8,3456,307,307,426,1
Jam-1,8,3465,308,308,425,1
Jam-1,8,3431,304,304,429,1
Jam-1,8,3422,303,303,430,1
Jam-1,8,3465,308,308,425,1
Jam-1,8,3438,305,305,428,1
Jam-1,8,3422,303,303,430,1
Jam-1,8,3422,303,303,430,1
Jam-1,8,3422,303,303,430,1
Jam-1,8,3440,305,305,428,1
Jam-1,8,3422,303,303,430,1
Jam-1,8,3458,307,307,426,1
Jam-1,8,3475,309,309,424,1
Jam-1,8,3476,309,309,424,1
Jam-1,8,3431,304,304,429,1
Jam-1,8,3431,304,304,429,1
Jam-1,8,3431,304,304,429,1
Jam-1,8,3422,303,303,430,1
Jam-1,8,3440,305,305,428,1
Jam-1,8,3447,306,306,427,1
Jam-11,25,5085,628,628,113,1
Jam-11,25,5113,631,631,114,1
Jam-11,25,5094,629,629,117,1
Jam-11,25,5105,630,630,114,1
Jam-11,25,5063,625,625,112,1
Jam-11,25,5070,626,626,112,1
Jam-11,25,5089,628,628,118,1
Jam-11,25,5082,627,627,118,1
Jam-11,25,5107,630,630,119,1
Jam-11,25,5082,627,627,118,1
Jam-11,25,5097,629,629,117,1
Jam-11,25,5072,626,626,116,1
Jam-11,25,5088,628,628,113,1
Jam-11,25,5087,628,628,117,1
Jam-11,25,5063,625,625,112,1
Jam-11,25,5063,625,625,112,1
Jam-11,25,5073,626,626,114,1
Jam-11,25,5082,627,627,118,1
Jam-11,25,5063,625,625,112,1
Jam-11,25,5073,626,626,114,1
Jam-11,25,5090,628,628,118,1
Jam-11,25,5107,630,630,119,1
Jam-11,25,5088,628,628,114,1
Jam-11,25,5097,629,629,117,1
Jam-11,25,5079,627,627,116,1
Jam-11,25,5098,629,629,115,1
Jam-11,25,5072,626,626,116,1
Jam-11,25,5072,626,626,116,1
Jam-11,25,5072,626,626,116,1
Jam-11,25,5070,626,626,112,1
Jam-11,25,5070,626,626,112,1
Jam-11,25,5072,626,626,116,1
Jam-11,25,5089,628,628,117,1
Jam-11,25,5105,630,630,118,1
Jam-11,25,5097,629,629,117,1
Jam-11,25,5097,629,629,119,1
Jam-11,25,5096,629,629,117,1
Jam-11,25,5083,627,627,116,1
Jam-11,25,5100,629,629,120,1
Jam-11,25,5088,628,628,115,1
Jam-11,25,5091,628,628,116,1
Jam-11,25,5098,629,629,115,1
Jam-11,25,5082,627,627,118,1
Jam-11,25,5094,629,629,117,1
Jam-11,25,5083,627,627,116,1
Jam-11,25,5063,625,625,112,1
Jam-11,25,5093,629,629,114,1
Jam-11,25,5080,627,627,114,1
Jam-11,25,5086,628,628,116,1
Jam-11,25,5092,628,628,120,1
Jam-11,25,5106,630,630,115,1
Jam-11,25,5080,627,627,114,1
Jam-11,25,5087,628,628,117,1
Jam-11,25,5091,628,628,116,1
Jam-11,25,5113,631,631,114,1
Jam-11,25,5105,630,630,114,1
Jam-11,25,5089,628,628,115,1
Jam-11,25,5087,628,628,117,1
Jam-11,25,5093,629,629,114,1
Jam-11,25,5078,627,627,113,1
Jam-11,25,5070,626,626,112,1
Jam-11,25,5098,629,629,115,1
Jam-11,25,5107,630,630,119,1
Jam-11,25,5081,627,627,114,1
Jam-11,25,5092,628,628,120,1
Jam-11,25,5088,628,628,115,1
Jam-11,25,5083,627,627,116,1
Jam-11,25,5088,628,628,115,1
Jam-11,25,5104,630,630,117,1
Jam-11,25,5088,628,628,113,1
Jam-11,25,5063,625,625,112,1
Jam-11,25,5080,627,627,113,1
Jam-11,25,5087,628,628,117,1
Jam-11,25,5088,628,628,113,1
Jam-11,25,5088,628,628,115,1
Jam-11,25,5063,625,625,112,1
Jam-11,25,5078,627,627,113,1
Jam-11,25,5112,631,631,118,1
Jam-11,25,5083,627,627,116,1
Jam-11,25,5063,625,625,112,1
Jam-11,25,5070,626,626,112,1
Jam-11,25,5103,630,630,114,1
Jam-11,25,5107,630,630,119,1
Jam-11,25,5073,626,626,114,1
Jam-11,25,5107,630,630,119,1
Jam-11,25,5097,629,629,117,1
Jam-11,25,5085,628,628,113,1
Jam-11,25,5081,627,627,114,1
Jam-11,25,5073,626,626,114,1
Jam-11,25,5080,627,627,114,1
Jam-11,25,5093,629,629,114,1
Jam-11,25,5102,630,630,118,1
Jam-11,25,5063,625,625,112,1
Jam-11,25,5078,627,627,113,1
Jam-11,25,5104,630,630,117,1
Jam-11,25,5081,627,627,114,1
Jam-11,25,5063,625,625,112,1
Jam-11,25,5086,628,628,116,1
Jam-11,25,5089,628,628,117,1
Jam-11,25,5097,629,629,119,1
Jam-12,17,10734,1158,1158,154,1
Jam-12,17,10740,1159,1159,153,1
Jam-12,17,10740,1159,1159,153,1
Jam-12,17,10734,1158,1158,154,1
Jam-12,17,10734,1158,1158,154,1
Jam-12,17,10734,1158,1158,154,1
Jam-12,17,10734,1158,1158,154,1
Jam-12,17,10740,1159,1159,153,1
Jam-12,17,10734,1158,1158,154,1
Jam-12,17,10734,1158,1158,154,1
Jam-12,17,10745,1160,1160,152,1
Jam-12,17,10734,1158,1158,154,1
Jam-12,17,10734,1158,1158,154,1
Jam-12,17,10734,1158,1158,154,1
Jam-12,17,10739,1159,1159,153,1
Jam-12,17,10734,1158,1158,154,1
Jam-12,17,10740,1159,1159,153,1
Jam-12,17,10734,1158,1158,154,1
Jam-12,17,10734,1158,1158,154,1
Jam-12,17,10734,1158,1158,154,1
Jam-12,17,10734,1158,1158,154,1
Jam-12,17,10734,1158,1158,154,1
Jam-12,17,10734,1158,1158,154,1
Jam-12,17,10734,1158,1158,154,1
Jam-12,17,10734,1158,1158,154,1
Jam-12,17,10734,1158,1158,154,1
Jam-12,17,10734,1158,1158,154,1
Jam-12,17,10734,1158,1158,154,1
Jam-12,17,10734,1158,1158,154,1
Jam-12,17,10734,1158,1158,154,1
Jam-12,17,10734,1158,1158,154,1
Jam-12,17,10734,1158,1158,154,1
Jam-12,17,10734,1158,1158,154,1
Jam-12,17,10740,1159,1159,153,1
Jam-12,17,10734,1158,1158,154,1
Jam-12,17,10734,1158,1158,154,1
Jam-12,17,10740,1159,1159,153,1
Jam-12,17,10734,1158,1158,154,1
Jam-12,17,10734,1158,1158,154,1
Jam-12,17,10734,1158,1158,154,1
Jam-12,17,10734,1158,1158,154,1
Jam-12,17,10734,1158,1158,154,1
Jam-12,17,10734,1158,1158,154,1
Jam-12,17,10734,1158,1158,154,1
Jam-12,17,10740,1159,1159,153,1
Jam-12,17,10734,1158,1158,154,1
Jam-12,17,10734,1158,1158,154,1
Jam-12,17,10734,1158,1158,154,1
Jam-12,17,10734,1158,1158,154,1
Jam-12,17,10745,1160,1160,152,1
Jam-12,17,10734,1158,1158,154,1
Jam-12,17,10740,1159,1159,153,1
Jam-12,17,10734,1158,1158,154,1
Jam-12,17,10739,1159,1159,153,1
Jam-12,17,10734,1158,1158,154,1
Jam-12,17,10734,1158,1158,154,1
Jam-12,17,10734,1158,1158,154,1
Jam-12,17,10739,1159,1159,153,1
Jam-12,17,10734,1158,1158,154,1
Jam-12,17,10734,1158,1158,154,1
Jam-12,17,10740,1159,1159,153,1
Jam-12,17,10734,1158,1158,154,1
Jam-12,17,10734,1158,1158,154,1
Jam-12,17,10734,1158,1158,154,1
Jam-12,17,10734,1158,1158,154,1
Jam-12,17,10734,1158,1158,154,1
Jam-12,17,10734,1158,1158,154,1
Jam-12,17,10734,1158,1158,154,1
Jam-12,17,10734,1158,1158,154,1
Jam-12,17,10734,1158,1158,154,1
Jam-12,17,10734,1158,1158,154,1
Jam-12,17,10734,1158,1158,154,1
Jam-12,17,10739,1159,1159,153,1
Jam-12,17,10734,1158,1158,154,1
Jam-12,17,10734,1158,1158,154,1
Jam-12,17,10739,1159,1159,153,1
Jam-12,17,10746,1160,1160,152,1
Jam-12,17,10734,1158,1158,154,1
Jam-12,17,10734,1158,1158,154,1
Jam-12,17,10734,1158,1158,154,1
Jam-12,17,10734,1158,1158,154,1
Jam-12,17,10734,1158,1158,154,1
Jam-12,17,10734,1158,1158,154,1
Jam-12,17,10734,1158,1158,154,1
Jam-12,17,10734,1158,1158,154,1
Jam-12,17,10734,1158,1158,154,1
Jam-12,17,10740,1159,1159,153,1
Jam-12,17,10734,1158,1158,154,1
Jam-12,17,10740,1159,1159,153,1
Jam-12,17,10734,1158,1158,154,1
Jam-12,17,10734,1158,1158,154,1
Jam-12,17,10734,1158,1158,154,1
Jam-12,17,10734,1158,1158,154,1
Jam-12,17,10740,1159,1159,153,1
Jam-12,17,10734,1158,1158,154,1
Jam-12,17,10734,1158,1158,154,1
Jam-12,17,10734,1158,1158,154,1
Jam-12,17,10734,1158,1158,154,1
Jam-12,17,10734,1158,1158,154,1
Jam-12,17,10734,1158,1158,154,1
Jam-13,16,19996,2354,2354,1075,1
Jam-13,16,19996,2354,2354,1072,1
Jam-13,16,19984,2353,2353,1072,1
Jam-13,16,19973,2352,2352,1068,1
Jam-13,16,20007,2355,2355,1076,1
Jam-13,16,20007,2355,2355,1076,1
Jam-13,16,19984,2353,2353,1072,1
Jam-13,16,20007,2355,2355,1076,1
Jam-13,16,19985,2353,2353,1071,1
Jam-13,16,19973,2352,2352,1068,1
Jam-13,16,19984,2353,2353,1072,1
Jam-13,16,19973,2352,2352,1068,1
Jam-13,16,19973,2352,2352,1068,1
Jam-13,16,19973,2352,2352,1068,1
Jam-13,16,19985,2353,2353,1071,1
Jam-13,16,19996,2354,2354,1075,1
Jam-13,16,19973,2352,2352,1068,1
Jam-13,16,19985,2353,2353,1071,1
Jam-13,16,19973,2352,2352,1068,1
Jam-13,16,20007,2355,2355,1076,1
Jam-13,16,19973,2352,2352,1068,1
Jam-13,16,19973,2352,2352,1068,1
Jam-13,16,19984,2353,2353,1069,1
Jam-13,16,19973,2352,2352,1068,1
Jam-13,16,20007,2355,2355,1076,1
Jam-13,16,19984,2353,2353,1072,1
Jam-13,16,19984,2353,2353,1072,1
Jam-13,16,19996,2354,2354,1072,1
Jam-13,16,20007,2355,2355,1076,1
Jam-13,16,20007,2355,2355,1076,1
Jam-13,16,19995,2354,2354,1073,1
Jam-13,16,19973,2352,2352,1068,1
Jam-13,16,20007,2355,2355,1076,1
Jam-13,16,20007,2355,2355,1076,1
Jam-13,16,20007,2355,2355,1076,1
Jam-13,16,19984,2353,2353,1072,1
Jam-13,16,20007,2355,2355,1076,1
Jam-13,16,19973,2352,2352,1068,1
Jam-13,16,19973,2352,2352,1068,1
Jam-13,16,19985,2353,2353,1071,1
Jam-13,16,19984,2353,2353,1069,1
Jam-13,16,19996,2354,2354,1075,1
Jam-13,16,19973,2352,2352,1068,1
Jam-13,16,20007,2355,2355,1076,1
Jam-13,16,19996,2354,2354,1075,1
Jam-13,16,19973,2352,2352,1068,1
Jam-13,16,19984,2353,2353,1072,1
Jam-13,16,19973,2352,2352,1068,1
Jam-13,16,20007,2355,2355,1076,1
Jam-13,16,19973,2352,2352,1068,1
Jam-13,16,19985,2353,2353,1071,1
Jam-13,16,19995,2354,2354,1073,1
Jam-13,16,20007,2355,2355,1076,1
Jam-13,16,19996,2354,2354,1075,1
Jam-13,16,19973,2352,2352,1068,1
Jam-13,16,20007,2355,2355,1076,1
Jam-13,16,20007,2355,2355,1076,1
Jam-13,16,19973,2352,2352,1068,1
Jam-13,16,20007,2355,2355,1076,1
Jam-13,16,19996,2354,2354,1072,1
Jam-13,16,19984,2353,2353,1069,1
Jam-13,16,19984,2353,2353,1069,1
Jam-13,16,19973,2352,2352,1068,1
Jam-13,16,19984,2353,2353,1072,1
Jam-13,16,19996,2354,2354,1072,1
Jam-13,16,19996,2354,2354,1072,1
Jam-13,16,19973,2352,2352,1068,1
Jam-13,16,19973,2352,2352,1068,1
Jam-13,16,19984,2353,2353,1072,1
Jam-13,16,19973,2352,2352,1068,1
Jam-13,16,19995,2354,2354,1073,1
Jam-13,16,20007,2355,2355,1076,1
Jam-13,16,19984,2353,2353,1072,1
Jam-13,16,19973,2352,2352,1068,1
Jam-13,16,20007,2355,2355,1076,1
Jam-13,16,19996,2354,2354,1075,1
Jam-13,16,19996,2354,2354,1075,1
Jam-13,16,20007,2355,2355,1076,1
Jam-13,16,20007,2355,2355,1076,1
Jam-13,16,20007,2355,2355,1076,1
Jam-13,16,20007,2355,2355,1076,1
Jam-13,16,19973,2352,2352,1068,1
Jam-13,16,19984,2353,2353,1072,1
Jam-13,16,19996,2354,2354,1075,1
Jam-13,16,19984,2353,2353,1072,1
Jam-13,16,19995,2354,2354,1073,1
Jam-13,16,19973,2352,2352,1068,1
Jam-13,16,19984,2353,2353,1069,1
Jam-13,16,20007,2355,2355,1076,1
Jam-13,16,19984,2353,2353,1072,1
Jam-13,16,20007,2355,2355,1076,1
Jam-13,16,19973,2352,2352,1068,1
Jam-13,16,20007,2355,2355,1076,1
Jam-13,16,19973,2352,2352,1068,1
Jam-13,16,19996,2354,2354,1075,1
Jam-13,16,19973,2352,2352,1068,1
Jam-13,16,19984,2353,2353,1069,1
Jam-13,16,20007,2355,2355,1076,1
Jam-13,16,19973,2352,2352,1068,1
Jam-13,16,19984,2353,2353,1072,1
Jam-14,17,59086,5361,5361,2796,1
Jam-14,17,59250,5375,5375,2847,1
Jam-14,17,58868,5347,5347,2758,1
Jam-14,17,58939,5352,5352,2778,1
Jam-14,17,58920,5350,5350,2777,1
Jam-14,17,59438,5393,5393,2772,1
Jam-14,17,58843,5345,5345,2750,1
Jam-14,17,58843,5345,5345,2750,1
Jam-14,17,59053,5361,5361,2760,1
Jam-14,17,59072,5361,5361,2807,1
Jam-14,17,58914,5350,5350,2762,1
Jam-14,17,59139,5366,5366,2811,1
Jam-14,17,58928,5352,5352,2764,1
Jam-14,17,58843,5345,5345,2750,1
Jam-14,17,58872,5347,5347,2761,1
Jam-14,17,59027,5360,5360,2743,1
Jam-14,17,58967,5354,5354,2785,1
Jam-14,17,59081,5365,5365,2755,1
Jam-14,17,59009,5356,5356,2808,1
Jam-14,17,58887,5349,5349,2750,1
Jam-14,17,58965,5353,5353,2788,1
Jam-14,17,59197,5372,5372,2810,1
Jam-14,17,58918,5350,5350,2775,1
Jam-14,17,58885,5348,5348,2758,1
Jam-14,17,59250,5375,5375,2809,1
Jam-14,17,58972,5355,5355,2763,1
Jam-14,17,58859,5346,5346,2757,1
Jam-14,17,59064,5360,5360,2802,1
Jam-14,17,59116,5366,5366,2759,1
Jam-14,17,59123,5367,5367,2785,1
Jam-14,17,58911,5350,5350,2767,1
Jam-14,17,58873,5347,5347,2755,1
Jam-14,17,58969,5353,5353,2785,1
Jam-14,17,58939,5352,5352,2775,1
Jam-14,17,58855,5346,5346,2749,1
Jam-14,17,58946,5353,5353,2772,1
Jam-14,17,59108,5364,5364,2794,1
Jam-14,17,58949,5353,5353,2765,1
Jam-14,17,59060,5359,5359,2794,1
Jam-14,17,58993,5356,5356,2778,1
Jam-14,17,59024,5357,5357,2791,1
Jam-14,17,59064,5361,5361,2772,1
Jam-14,17,59098,5366,5366,2748,1
Jam-14,17,58971,5353,5353,2791,1
Jam-14,17,58929,5351,5351,2776,1
Jam-14,17,58954,5353,5353,2759,1
Jam-14,17,59061,5361,5361,2787,1
Jam-14,17,58858,5346,5346,2750,1
Jam-14,17,58984,5355,5355,2783,1
Jam-14,17,59149,5369,5369,2776,1
Jam-14,17,58998,5356,5356,2797,1
Jam-14,17,58899,5351,5351,2756,1
Jam-14,17,58869,5347,5347,2757,1
Jam-14,17,58908,5350,5350,2759,1
Jam-14,17,58954,5353,5353,2780,1
Jam-14,17,58952,5353,5353,2784,1
Jam-14,17,59278,5378,5378,2810,1
Jam-14,17,58957,5353,5353,2774,1
Jam-14,17,59035,5359,5359,2774,1
Jam-14,17,58979,5355,5355,2770,1
Jam-14,17,59023,5357,5357,2793,1
Jam-14,17,58960,5354,5354,2756,1
Jam-14,17,58931,5351,5351,2770,1
Jam-14,17,58884,5348,5348,2764,1
Jam-14,17,58955,5353,5353,2768,1
Jam-14,17,59236,5373,5373,2811,1
Jam-14,17,59244,5375,5375,2809,1
Jam-14,17,58971,5354,5354,2784,1
Jam-14,17,58913,5351,5351,2764,1
Jam-14,17,59045,5360,5360,2795,1
Jam-14,17,59142,5367,5367,2799,1
Jam-14,17,58993,5355,5355,2788,1
Jam-14,17,58900,5350,5350,2754,1
Jam-14,17,59294,5379,5379,2790,1
Jam-14,17,59094,5365,5365,2794,1
Jam-14,17,58933,5351,5351,2777,1
Jam-14,17,58857,5346,5346,2755,1
Jam-14,17,59082,5363,5363,2772,1
Jam-14,17,58843,5345,5345,2750,1
Jam-14,17,59038,5359,5359,2788,1
Jam-14,17,59078,5363,5363,2778,1
Jam-14,17,59215,5371,5371,2824,1
Jam-14,17,59041,5360,5360,2787,1
Jam-14,17,58856,5346,5346,2750,1
Jam-14,17,59277,5375,5375,2845,1
Jam-14,17,59093,5363,5363,2795,1
Jam-14,17,59170,5370,5370,2790,1
Jam-14,17,59118,5368,5368,2773,1
Jam-14,17,58886,5348,5348,2768,1
Jam-14,17,59025,5358,5358,2791,1
Jam-14,17,58885,5348,5348,2763,1
Jam-14,17,59194,5372,5372,2785,1
Jam-14,17,59026,5357,5357,2790,1
Jam-14,17,59109,5367,5367,2757,1
Jam-14,17,58970,5354,5354,2768,1
Jam-14,17,59214,5374,5374,2787,1
Jam-14,17,59094,5363,5363,2791,1
Jam-14,17,59009,5357,5357,2781,1
Jam-14,17,59282,5378,5378,2789,1
Jam-14,17,58915,5351,5351,2759,1
Jam-15,23,3166,518,518,8,1
Jam-15,23,3166,518,518,8,1
Jam-15,23,3166,518,518,8,1
Jam-15,23,3166,518,518,8,1
Jam-15,23,3166,518,518,8,1
Jam-15,23,3166,518,518,8,1
Jam-15,23,3166,518,518,8,1
Jam-15,23,3166,518,518,8,1
Jam-15,23,3166,518,518,8,1
Jam-15,23,3166,518,518,8,1
Jam-15,23,3166,518,518,8,1
Jam-15,23,3166,518,518,8,1
Jam-15,23,3166,518,518,8,1
Jam-15,23,3166,518,518,8,1
Jam-15,23,3161,517,517,7,1
Jam-15,23,3166,518,518,8,1
Jam-15,23,3166,518,518,8,1
Jam-15,23,3166,518,518,8,1
Jam-15,23,3166,518,518,8,1
Jam-15,23,3166,518,518,8,1
Jam-15,23,3166,518,518,8,1
Jam-15,23,3166,518,518,8,1
Jam-15,23,3166,518,518,8,1
Jam-15,23,3161,517,517,7,1
Jam-15,23,3166,518,518,8,1
Jam-15,23,3166,518,518,8,1
Jam-15,23,3166,518,518,8,1
Jam-15,23,3161,517,517,7,1
Jam-15,23,3166,518,518,8,1
Jam-15,23,3166,518,518,8,1
Jam-15,23,3166,518,518,8,1
Jam-15,23,3166,518,518,8,1
Jam-15,23,3166,518,518,8,1
Jam-15,23,3166,518,518,8,1
Jam-15,23,3166,518,518,8,1
Jam-15,23,3166,518,518,8,1
Jam-15,23,3166,518,518,8,1
Jam-15,23,3161,517,517,7,1
Jam-15,23,3161,517,517,7,1
Jam-15,23,3166,518,518,8,1
Jam-15,23,3161,517,517,7,1
Jam-15,23,3166,518,518,8,1
Jam-15,23,3166,518,518,8,1
Jam-15,23,3166,518,518,8,1
Jam-15,23,3166,518,518,8,1
Jam-15,23,3166,518,518,8,1
Jam-15,23,3161,517,517,7,1
Jam-15,23,3166,518,518,8,1
Jam-15,23,3166,518,518,8,1
Jam-15,23,3166,518,518,8,1
Jam-15,23,3166,518,518,8,1
Jam-15,23,3166,518,518,8,1
Jam-15,23,3166,518,518,8,1
Jam-15,23,3166,518,518,8,1
Jam-15,23,3161,517,517,7,1
Jam-15,23,3166,518,518,8,1
Jam-15,23,3161,517,517,7,1
Jam-15,23,3166,518,518,8,1
Jam-15,23,3166,518,518,8,1
Jam-15,23,3166,518,518,8,1
Jam-15,23,3166,518,518,8,1
Jam-15,23,3166,518,518,8,1
Jam-15,23,3166,518,518,8,1
Jam-15,23,3166,518,518,8,1
Jam-15,23,3166,518,518,8,1
Jam-15,23,3166,518,518,8,1
Jam-15,23,3166,518,518,8,1
Jam-15,23,3166,518,518,8,1
Jam-15,23,3161,517,517,7,1
Jam-15,23,3166,518,518,8,1
Jam-15,23,3166,518,518,8,1
Jam-15,23,3166,518,518,8,1
Jam-15,23,3166,518,518,8,1
Jam-15,23,3166,518,518,8,1
Jam-15,23,3166,518,518,8,1
Jam-15,23,3166,518,518,8,1
Jam-15,23,3166,518,518,8,1
Jam-15,23,3166,518,518,8,1
Jam-15,23,3166,518,518,8,1
Jam-15,23,3161,517,517,7,1
Jam-15,23,3166,518,518,8,1
Jam-15,23,3166,518,518,8,1
Jam-15,23,3161,517,517,7,1
Jam-15,23,3161,517,517,7,1
Jam-15,23,3161,517,517,7,1
Jam-15,23,3161,517,517,7,1
Jam-15,23,3161,517,517,7,1
Jam-15,23,3166,518,518,8,1
Jam-15,23,3166,518,518,8,1
Jam-15,23,3161,517,517,7,1
Jam-15,23,3166,518,518,8,1
Jam-15,23,3166,518,518,8,1
Jam-15,23,3166,518,518,8,1
Jam-15,23,3166,518,518,8,1
Jam-15,23,3166,518,518,8,1
Jam-15,23,3161,517,517,7,1
Jam-15,23,3166,518,518,8,1
Jam-15,23,3166,518,518,8,1
Jam-15,23,3166,518,518,8,1
Jam-15,23,3166,518,518,8,1
Jam-16,21,17590,1930,1930,242,1
Jam-16,21,17473,1912,1912,254,1
Jam-16,21,17575,1927,1927,250,1
Jam-16,21,17484,1914,1914,251,1
Jam-16,21,17557,1924,1924,252,1
Jam-16,21,17480,1913,1913,251,1
Jam-16,21,17520,1918,1918,258,1
Jam-16,21,17500,1916,1916,252,1
Jam-16,21,17514,1918,1918,254,1
Jam-16,21,17469,1912,1912,250,1
Jam-16,21,17582,1927,1927,259,1
Jam-16,21,17579,1928,1928,247,1
Jam-16,21,17631,1934,1934,255,1
Jam-16,21,17485,1915,1915,245,1
Jam-16,21,17550,1923,1923,258,1
Jam-16,21,17551,1922,1922,263,1
Jam-16,21,17592,1929,1929,256,1
Jam-16,21,17491,1914,1914,261,1
Jam-16,21,17528,1920,1920,254,1
Jam-16,21,17609,1931,1931,257,1
Jam-16,21,17461,1911,1911,246,1
Jam-16,21,17490,1914,1914,256,1
Jam-16,21,17524,1919,1919,261,1
Jam-16,21,17580,1928,1928,248,1
Jam-16,21,17537,1921,1921,256,1
Jam-16,21,17553,1923,1923,259,1
Jam-16,21,17489,1915,1915,247,1
Jam-16,21,17560,1924,1924,260,1
Jam-16,21,17519,1919,1919,251,1
Jam-16,21,17572,1927,1927,245,1
Jam-16,21,17525,1920,1920,251,1
Jam-16,21,17585,1927,1927,260,1
Jam-16,21,17600,1930,1930,257,1
Jam-16,21,17605,1931,1931,255,1
Jam-16,21,17612,1931,1931,257,1
Jam-16,21,17592,1929,1929,255,1
Jam-16,21,17495,1915,1915,259,1
Jam-16,21,17545,1923,1923,247,1
Jam-16,21,17624,1933,1933,256,1
Jam-16,21,17573,1927,1927,246,1
Jam-16,21,17541,1922,1922,253,1
Jam-16,21,17518,1919,1919,256,1
Jam-16,21,17549,1922,1922,263,1
Jam-16,21,17555,1923,1923,255,1
Jam-16,21,17466,1912,1912,246,1
Jam-16,21,17536,1921,1921,252,1
Jam-16,21,17486,1914,1914,255,1
Jam-16,21,17570,1926,1926,251,1
Jam-16,21,17488,1915,1915,246,1
Jam-16,21,17523,1919,1919,261,1
Jam-16,21,17530,1920,1920,257,1
Jam-16,21,17575,1927,1927,253,1
Jam-16,21,17497,1915,1915,261,1
Jam-16,21,17551,1923,1923,254,1
Jam-16,21,17466,1912,1912,246,1
Jam-16,21,17551,1923,1923,255,1
Jam-16,21,17531,1920,1920,257,1
Jam-16,21,17512,1918,1918,253,1
Jam-16,21,17558,1925,1925,251,1
Jam-16,21,17470,1912,1912,250,1
Jam-16,21,17509,1917,1917,256,1
Jam-16,21,17554,1924,1924,257,1
Jam-16,21,17626,1933,1933,256,1
Jam-16,21,17478,1913,1913,251,1
Jam-16,21,17484,1914,1914,250,1
Jam-16,21,17588,1928,1928,252,1
Jam-16,21,17501,1917,1917,248,1
Jam-16,21,17621,1933,1933,254,1
Jam-16,21,17576,1926,1926,261,1
Jam-16,21,17573,1926,1926,260,1
Jam-16,21,17601,1930,1930,256,1
Jam-16,21,17522,1919,1919,255,1
Jam-16,21,17575,1927,1927,249,1
Jam-16,21,17499,1915,1915,261,1
Jam-16,21,17618,1932,1932,257,1
Jam-16,21,17539,1922,1922,254,1
Jam-16,21,17467,1912,1912,246,1
Jam-16,21,17534,1920,1920,258,1
Jam-16,21,17631,1934,1934,255,1
Jam-16,21,17596,1929,1929,259,1
Jam-16,21,17478,1913,1913,250,1
Jam-16,21,17611,1932,1932,252,1
Jam-16,21,17626,1933,1933,256,1
Jam-16,21,17566,1925,1925,255,1
Jam-16,21,17466,1912,1912,246,1
Jam-16,21,17536,1921,1921,253,1
Jam-16,21,17580,1928,1928,248,1
Jam-16,21,17552,1923,1923,261,1
Jam-16,21,17568,1926,1926,250,1
Jam-16,21,17526,1919,1919,256,1
Jam-16,21,17576,1926,1926,261,1
Jam-16,21,17551,1922,1922,263,1
Jam-16,21,17475,1913,1913,250,1
Jam-16,21,17528,1921,1921,250,1
Jam-16,21,17480,1913,1913,251,1
Jam-16,21,17481,1914,1914,250,1
Jam-16,21,17621,1933,1933,254,1
Jam-16,21,17608,1931,1931,255,1
Jam-16,21,17470,1912,1912,250,1
Jam-16,21,17490,1915,1915,250,1
Jam-17,24,15709,1656,1656,320,1
Jam-17,24,15683,1653,1653,321,1
Jam-17,24,15673,1652,1652,319,1
Jam-17,24,15699,1655,1655,319,1
Jam-17,24,15715,1657,1657,322,1
Jam-17,24,15751,1661,1661,322,1
Jam-17,24,15665,1651,1651,318,1
Jam-17,24,15665,1651,1651,318,1
Jam-17,24,15715,1657,1657,322,1
Jam-17,24,15691,1654,1654,320,1
Jam-17,24,15701,1655,1655,321,1
Jam-17,24,15701,1655,1655,321,1
Jam-17,24,15691,1654,1654,319,1
Jam-17,24,15665,1651,1651,318,1
Jam-17,24,15665,1651,1651,318,1
Jam-17,24,15685,1653,1653,322,1
Jam-17,24,15673,1652,1652,319,1
Jam-17,24,15673,1652,1652,319,1
Jam-17,24,15683,1653,1653,320,1
Jam-17,24,15693,1654,1654,323,1
Jam-17,24,15733,1659,1659,321,1
Jam-17,24,15665,1651,1651,318,1
Jam-17,24,15665,1651,1651,318,1
Jam-17,24,15693,1654,1654,322,1
Jam-17,24,15673,1652,1652,318,1
Jam-17,24,15665,1651,1651,318,1
Jam-17,24,15681,1653,1653,319,1
Jam-17,24,15691,1654,1654,320,1
Jam-17,24,15751,1661,1661,321,1
Jam-17,24,15665,1651,1651,318,1
Jam-17,24,15681,1653,1653,319,1
Jam-17,24,15665,1651,1651,318,1
Jam-17,24,15681,1653,1653,319,1
Jam-17,24,15707,1656,1656,320,1
Jam-17,24,15743,1660,1660,321,1
Jam-17,24,15711,1656,1656,324,1
Jam-17,24,15699,1655,1655,319,1
Jam-17,24,15693,1654,1654,323,1
Jam-17,24,15691,1654,1654,321,1
Jam-17,24,15665,1651,1651,318,1
Jam-17,24,15719,1657,1657,323,1
Jam-17,24,15665,1651,1651,318,1
Jam-17,24,15701,1655,1655,321,1
Jam-17,24,15689,1654,1654,319,1
Jam-17,24,15699,1655,1655,319,1
Jam-17,24,15683,1653,1653,321,1
Jam-17,24,15673,1652,1652,319,1
Jam-17,24,15685,1653,1653,322,1
Jam-17,24,15665,1651,1651,318,1
Jam-17,24,15665,1651,1651,318,1
Jam-17,24,15719,1657,1657,324,1
Jam-17,24,15681,1653,1653,319,1
Jam-17,24,15683,1653,1653,319,1
Jam-17,24,15673,1652,1652,319,1
Jam-17,24,15665,1651,1651,318,1
Jam-17,24,15717,1657,1657,321,1
Jam-17,24,15675,1652,1652,320,1
Jam-17,24,15665,1651,1651,318,1
Jam-17,24,15683,1653,1653,320,1
Jam-17,24,15673,1652,1652,319,1
Jam-17,24,15709,1656,1656,320,1
Jam-17,24,15673,1652,1652,318,1
Jam-17,24,15681,1653,1653,319,1
Jam-17,24,15673,1652,1652,318,1
Jam-17,24,15665,1651,1651,318,1
Jam-17,24,15701,1655,1655,321,1
Jam-17,24,15665,1651,1651,318,1
Jam-17,24,15719,1657,1657,322,1
Jam-17,24,15683,1653,1653,320,1
Jam-17,24,15665,1651,1651,318,1
Jam-17,24,15709,1656,1656,322,1
Jam-17,24,15745,1660,1660,324,1
Jam-17,24,15665,1651,1651,318,1
Jam-17,24,15673,1652,1652,319,1
Jam-17,24,15665,1651,1651,318,1
Jam-17,24,15691,1654,1654,321,1
Jam-17,24,15673,1652,1652,319,1
Jam-17,24,15711,1656,1656,322,1
Jam-17,24,15689,1654,1654,320,1
Jam-17,24,15701,1655,1655,322,1
Jam-17,24,15727,1658,1658,323,1
Jam-17,24,15719,1657,1657,323,1
Jam-17,24,15711,1656,1656,322,1
Jam-17,24,15683,1653,1653,320,1
Jam-17,24,15683,1653,1653,321,1
Jam-17,24,15681,1653,1653,319,1
Jam-17,24,15675,1652,1652,320,1
Jam-17,24,15673,1652,1652,319,1
Jam-17,24,15693,1654,1654,321,1
Jam-17,24,15681,1653,1653,318,1
Jam-17,24,15665,1651,1651,318,1
Jam-17,24,15699,1655,1655,322,1
Jam-17,24,15689,1654,1654,320,1
Jam-17,24,15665,1651,1651,318,1
Jam-17,24,15693,1654,1654,321,1
Jam-17,24,15685,1653,1653,322,1
Jam-17,24,15665,1651,1651,318,1
Jam-17,24,15665,1651,1651,318,1
Jam-17,24,15665,1651,1651,318,1
Jam-17,24,15703,1655,1655,324,1
Jam-18,25,6977,866,866,328,1
Jam-18,25,6973,865,865,329,1
Jam-18,25,6967,864,864,327,1
Jam-18,25,6972,865,865,328,1
Jam-18,25,6978,866,866,328,1
Jam-18,25,6973,865,865,329,1
Jam-18,25,6967,864,864,327,1
Jam-18,25,6967,864,864,327,1
Jam-18,25,6967,864,864,327,1
Jam-18,25,6971,865,865,327,1
Jam-18,25,6966,864,864,326,1
Jam-18,25,6966,864,864,326,1
Jam-18,25,6984,867,867,328,1
Jam-18,25,6978,866,866,328,1
Jam-18,25,6971,865,865,327,1
Jam-18,25,6984,867,867,328,1
Jam-18,25,6984,867,867,328,1
Jam-18,25,6965,864,864,325,1
Jam-18,25,6971,865,865,327,1
Jam-18,25,6977,866,866,328,1
Jam-18,25,6965,864,864,325,1
Jam-18,25,6973,865,865,328,1
Jam-18,25,6979,866,866,329,1
Jam-18,25,6960,863,863,324,1
Jam-18,25,6984,867,867,328,1
Jam-18,25,6979,866,866,329,1
Jam-18,25,6978,866,866,328,1
Jam-18,25,6978,866,866,328,1
Jam-18,25,6966,864,864,327,1
Jam-18,25,6972,865,865,327,1
Jam-18,25,6984,867,867,328,1
Jam-18,25,6978,866,866,328,1
Jam-18,25,6973,865,865,329,1
Jam-18,25,6960,863,863,324,1
Jam-18,25,6960,863,863,324,1
Jam-18,25,6966,864,864,326,1
Jam-18,25,6978,866,866,328,1
Jam-18,25,6973,865,865,328,1
Jam-18,25,6965,864,864,325,1
Jam-18,25,6972,865,865,328,1
Jam-18,25,6984,867,867,328,1
Jam-18,25,6979,866,866,329,1
Jam-18,25,6967,864,864,327,1
Jam-18,25,6977,866,866,328,1
Jam-18,25,6977,866,866,328,1
Jam-18,25,6978,866,866,328,1
Jam-18,25,6960,863,863,324,1
Jam-18,25,6965,864,864,325,1
Jam-18,25,6977,866,866,328,1
Jam-18,25,6984,867,867,328,1
Jam-18,25,6960,863,863,324,1
Jam-18,25,7002,869,869,336,1
Jam-18,25,6986,867,867,332,1
Jam-18,25,6978,865,865,332,1
Jam-18,25,6977,866,866,328,1
Jam-18,25,6971,865,865,327,1
Jam-18,25,6993,868,868,332,1
Jam-18,25,6984,867,867,328,1
Jam-18,25,6971,865,865,327,1
Jam-18,25,6966,864,864,326,1
Jam-18,25,6993,868,868,332,1
Jam-18,25,6993,868,868,332,1
Jam-18,25,6984,867,867,328,1
Jam-18,25,6987,867,867,332,1
Jam-18,25,6984,867,867,328,1
Jam-18,25,6967,864,864,327,1
Jam-18,25,7002,869,869,336,1
Jam-18,25,6960,863,863,324,1
Jam-18,25,7002,869,869,336,1
Jam-18,25,7002,869,869,336,1
Jam-18,25,6969,864,864,328,1
Jam-18,25,6967,864,864,327,1
Jam-18,25,6986,867,867,332,1
Jam-18,25,6989,867,867,335,1
Jam-18,25,7002,869,869,336,1
Jam-18,25,6991,867,867,336,1
Jam-18,25,6976,865,865,331,1
Jam-18,25,6969,864,864,328,1
Jam-18,25,6960,863,863,324,1
Jam-18,25,6972,865,865,328,1
Jam-18,25,6966,864,864,327,1
Jam-18,25,6989,867,867,335,1
Jam-18,25,6977,866,866,328,1
Jam-18,25,6987,867,867,332,1
Jam-18,25,6971,865,865,327,1
Jam-18,25,7002,869,869,336,1
Jam-18,25,6983,866,866,333,1
Jam-18,25,7002,869,869,336,1
Jam-18,25,6984,866,866,335,1
Jam-18,25,7002,869,869,336,1
Jam-18,25,6989,867,867,335,1
Jam-18,25,6989,867,867,335,1
Jam-18,25,6973,865,865,328,1
Jam-18,25,7002,869,869,336,1
Jam-18,25,6990,867,867,336,1
Jam-18,25,6983,866,866,333,1
Jam-18,25,7002,869,869,336,1
Jam-18,25,7002,869,869,336,1
Jam-18,25,6995,868,868,336,1
Jam-18,25,7002,869,869,336,1
Jam-19,22,3550,479,479,50,1
Jam-19,22,3571,481,481,55,1
Jam-19,22,3577,482,482,57,1
Jam-19,22,3542,478,478,48,1
Jam-19,22,3552,479,479,52,1
Jam-19,22,3558,480,480,52,1
Jam-19,22,3550,479,479,50,1
Jam-19,22,3550,479,479,50,1
Jam-19,22,3553,479,479,51,1
Jam-19,22,3567,481,481,54,1
Jam-19,22,3561,481,481,50,1
Jam-19,22,3557,480,480,52,1
Jam-19,22,3562,480,480,53,1
Jam-19,22,3551,479,479,50,1
Jam-19,22,3542,478,478,48,1
Jam-19,22,3550,479,479,50,1
Jam-19,22,3553,479,479,51,1
Jam-19,22,3542,478,478,48,1
Jam-19,22,3577,482,482,55,1
Jam-19,22,3593,484,484,61,1
Jam-19,22,3549,479,479,50,1
Jam-19,22,3581,482,482,58,1
Jam-19,22,3564,481,481,52,1
Jam-19,22,3556,480,480,50,1
Jam-19,22,3578,482,482,57,1
Jam-19,22,3552,479,479,52,1
Jam-19,22,3550,479,479,50,1
Jam-19,22,3589,483,483,62,1
Jam-19,22,3604,485,485,63,1
Jam-19,22,3562,480,480,53,1
Jam-19,22,3542,478,478,48,1
Jam-19,22,3542,478,478,48,1
Jam-19,22,3576,482,482,56,1
Jam-19,22,3556,480,480,50,1
Jam-19,22,3559,480,480,54,1
Jam-19,22,3603,485,485,62,1
Jam-19,22,3551,479,479,50,1
Jam-19,22,3556,480,480,52,1
Jam-19,22,3542,478,478,48,1
Jam-19,22,3574,482,482,56,1
Jam-19,22,3553,479,479,51,1
Jam-19,22,3558,480,480,52,1
Jam-19,22,3550,479,479,50,1
Jam-19,22,3550,479,479,50,1
Jam-19,22,3558,480,480,52,1
Jam-19,22,3542,478,478,48,1
Jam-19,22,3557,480,480,50,1
Jam-19,22,3587,483,483,59,1
Jam-19,22,3581,482,482,59,1
Jam-19,22,3556,480,480,50,1
Jam-19,22,3590,483,483,62,1
Jam-19,22,3556,480,480,52,1
Jam-19,22,3600,485,485,61,1
Jam-19,22,3550,479,479,50,1
Jam-19,22,3597,484,484,62,1
Jam-19,22,3549,479,479,50,1
Jam-19,22,3564,480,480,54,1
Jam-19,22,3551,479,479,50,1
Jam-19,22,3574,482,482,56,1
Jam-19,22,3563,481,481,51,1
Jam-19,22,3542,478,478,48,1
Jam-19,22,3567,481,481,56,1
Jam-19,22,3556,480,480,50,1
Jam-19,22,3570,482,482,54,1
Jam-19,22,3575,482,482,56,1
Jam-19,22,3581,482,482,59,1
Jam-19,22,3590,483,483,60,1
Jam-19,22,3606,485,485,64,1
Jam-19,22,3542,478,478,48,1
Jam-19,22,3561,480,480,54,1
Jam-19,22,3571,481,481,55,1
Jam-19,22,3560,480,480,54,1
Jam-19,22,3551,479,479,50,1
Jam-19,22,3552,479,479,52,1
Jam-19,22,3552,479,479,52,1
Jam-19,22,3568,481,481,56,1
Jam-19,22,3542,478,478,48,1
Jam-19,22,3557,480,480,52,1
Jam-19,22,3580,482,482,58,1
Jam-19,22,3568,481,481,55,1
Jam-19,22,3576,482,482,56,1
Jam-19,22,3572,482,482,56,1
Jam-19,22,3551,479,479,50,1
Jam-19,22,3542,478,478,48,1
Jam-19,22,3578,482,482,57,1
Jam-19,22,3571,481,481,55,1
Jam-19,22,3542,478,478,48,1
Jam-19,22,3590,483,483,60,1
Jam-19,22,3604,485,485,63,1
Jam-19,22,3563,481,481,52,1
Jam-19,22,3610,485,485,65,1
Jam-19,22,3560,480,480,54,1
Jam-19,22,3559,480,480,54,1
Jam-19,22,3568,481,481,56,1
Jam-19,22,3567,481,481,54,1
Jam-19,22,3542,478,478,48,1
Jam-19,22,3552,479,479,52,1
Jam-19,22,3542,478,478,48,1
Jam-19,22,3557,480,480,52,1
Jam-19,22,3542,478,478,48,1
Jam-20,10,5075,581,581,466,1
Jam-20,10,5077,581,581,466,1
Jam-20,10,5075,581,581,466,1
Jam-20,10,5053,579,579,462,1
Jam-20,10,5089,582,582,467,1
Jam-20,10,5110,584,584,469,1
Jam-20,10,5083,582,582,467,1
Jam-20,10,5064,580,580,463,1
Jam-20,10,5081,582,582,465,1
Jam-20,10,5065,580,580,463,1
Jam-20,10,5080,582,582,465,1
Jam-20,10,5130,586,586,469,1
Jam-20,10,5079,582,582,465,1
Jam-20,10,5053,579,579,462,1
Jam-20,10,5064,580,580,463,1
Jam-20,10,5053,579,579,462,1
Jam-20,10,5066,580,580,465,1
Jam-20,10,5133,587,587,472,1
Jam-20,10,5078,582,582,465,1
Jam-20,10,5064,580,580,463,1
Jam-20,10,5096,583,583,470,1
Jam-20,10,5078,581,581,464,1
Jam-20,10,5076,581,581,466,1
Jam-20,10,5074,581,581,464,1
Jam-20,10,5067,580,580,465,1
Jam-20,10,5087,582,582,467,1
Jam-20,10,5053,579,579,462,1
Jam-20,10,5065,580,580,463,1
Jam-20,10,5062,580,580,463,1
Jam-20,10,5107,584,584,469,1
Jam-20,10,5075,581,581,464,1
Jam-20,10,5062,580,580,463,1
Jam-20,10,5065,580,580,465,1
Jam-20,10,5065,580,580,463,1
Jam-20,10,5107,584,584,467,1
Jam-20,10,5074,581,581,466,1
Jam-20,10,5073,581,581,464,1
Jam-20,10,5104,584,584,469,1
Jam-20,10,5092,582,582,467,1
Jam-20,10,5086,582,582,465,1
Jam-20,10,5065,580,580,463,1
Jam-20,10,5086,582,582,467,1
Jam-20,10,5053,579,579,462,1
Jam-20,10,5107,584,584,467,1
Jam-20,10,5120,585,585,470,1
Jam-20,10,5077,581,581,466,1
Jam-20,10,5075,581,581,466,1
Jam-20,10,5104,584,584,469,1
Jam-20,10,5075,581,581,464,1
Jam-20,10,5110,584,584,471,1
Jam-20,10,5076,581,581,466,1
Jam-20,10,5117,585,585,470,1
Jam-20,10,5065,580,580,465,1
Jam-20,10,5077,581,581,466,1
Jam-20,10,5110,584,584,469,1
Jam-20,10,5053,579,579,462,1
Jam-20,10,5127,586,586,473,1
Jam-20,10,5112,585,585,470,1
Jam-20,10,5053,579,579,462,1
Jam-20,10,5053,579,579,462,1
Jam-20,10,5088,582,582,467,1
Jam-20,10,5065,580,580,463,1
Jam-20,10,5088,582,582,467,1
Jam-20,10,5085,582,582,465,1
Jam-20,10,5088,582,582,467,1
Jam-20,10,5053,579,579,462,1
Jam-20,10,5116,585,585,472,1
Jam-20,10,5077,581,581,466,1
Jam-20,10,5099,583,583,470,1
Jam-20,10,5064,580,580,463,1
Jam-20,10,5084,582,582,465,1
Jam-20,10,5053,579,579,462,1
Jam-20,10,5053,579,579,462,1
Jam-20,10,5077,581,581,466,1
Jam-20,10,5062,580,580,463,1
Jam-20,10,5077,581,581,464,1
Jam-20,10,5100,584,584,469,1
Jam-20,10,5103,584,584,471,1
Jam-20,10,5163,589,589,478,1
Jam-20,10,5065,580,580,463,1
Jam-20,10,5053,579,579,462,1
Jam-20,10,5063,580,580,463,1
Jam-20,10,5065,580,580,463,1
Jam-20,10,5053,579,579,462,1
Jam-20,10,5053,579,579,462,1
Jam-20,10,5080,581,581,466,1
Jam-20,10,5131,586,586,473,1
Jam-20,10,5053,579,579,462,1
Jam-20,10,5076,581,581,464,1
Jam-20,10,5073,581,581,464,1
Jam-20,10,5063,580,580,463,1
Jam-20,10,5062,580,580,463,1
Jam-20,10,5087,582,582,467,1
Jam-20,10,5102,583,583,470,1
Jam-20,10,5065,580,580,463,1
Jam-20,10,5053,579,579,462,1
Jam-20,10,5083,582,582,467,1
Jam-20,10,5128,586,586,471,1
Jam-20,10,5074,581,581,464,1
Jam-20,10,5078,581,581,466,1
Jam-2,8,4198,419,419,618,1
Jam-2,8,4190,418,418,617,1
Jam-2,8,4240,422,422,626,1
Jam-2,8,4205,419,419,622,1
Jam-2,8,4240,422,422,626,1
Jam-2,8,4192,418,418,620,1
Jam-2,8,4223,421,421,620,1
Jam-2,8,4223,421,421,620,1
Jam-2,8,4248,423,423,625,1
Jam-2,8,4198,419,419,618,1
Jam-2,8,4192,418,418,619,1
Jam-2,8,4215,420,420,624,1
Jam-2,8,4201,419,419,618,1
Jam-2,8,4240,422,422,626,1
Jam-2,8,4205,419,419,623,1
Jam-2,8,4190,418,418,617,1
Jam-2,8,4218,420,420,625,1
Jam-2,8,4240,422,422,626,1
Jam-2,8,4235,422,422,625,1
Jam-2,8,4193,418,418,618,1
Jam-2,8,4193,418,418,618,1
Jam-2,8,4198,419,419,618,1
Jam-2,8,4214,420,420,622,1
Jam-2,8,4205,419,419,623,1
Jam-2,8,4215,420,420,623,1
Jam-2,8,4225,421,421,625,1
Jam-2,8,4198,419,419,618,1
Jam-2,8,4200,419,419,620,1
Jam-2,8,4193,418,418,618,1
Jam-2,8,4248,423,423,625,1
Jam-2,8,4193,418,418,618,1
Jam-2,8,4205,419,419,622,1
Jam-2,8,4193,418,418,620,1
Jam-2,8,4205,419,419,623,1
Jam-2,8,4200,419,419,620,1
Jam-2,8,4211,420,420,618,1
Jam-2,8,4223,421,421,621,1
Jam-2,8,4223,421,421,625,1
Jam-2,8,4190,418,418,617,1
Jam-2,8,4248,423,423,625,1
Jam-2,8,4230,421,421,627,1
Jam-2,8,4205,419,419,623,1
Jam-2,8,4248,423,423,625,1
Jam-2,8,4190,418,418,617,1
Jam-2,8,4223,421,421,620,1
Jam-2,8,4223,421,421,620,1
Jam-2,8,4238,422,422,626,1
Jam-2,8,4223,421,421,620,1
Jam-2,8,4180,417,417,616,1
Jam-2,8,4236,422,422,625,1
Jam-2,8,4200,419,419,620,1
Jam-2,8,4206,419,419,622,1
Jam-2,8,4211,420,420,618,1
Jam-2,8,4180,417,417,616,1
Jam-2,8,4235,422,422,625,1
Jam-2,8,4202,419,419,620,1
Jam-2,8,4223,421,421,625,1
Jam-2,8,4192,418,418,620,1
Jam-2,8,4210,420,420,620,1
Jam-2,8,4230,421,421,627,1
Jam-2,8,4210,420,420,620,1
Jam-2,8,4223,421,421,625,1
Jam-2,8,4210,420,420,620,1
Jam-2,8,4236,422,422,625,1
Jam-2,8,4215,420,420,624,1
Jam-2,8,4198,419,419,618,1
Jam-2,8,4225,421,421,623,1
Jam-2,8,4223,421,421,620,1
Jam-2,8,4223,421,421,625,1
Jam-2,8,4211,420,420,622,1
Jam-2,8,4226,421,421,624,1
Jam-2,8,4198,419,419,618,1
Jam-2,8,4218,420,420,625,1
Jam-2,8,4215,420,420,624,1
Jam-2,8,4188,418,418,617,1
Jam-2,8,4201,419,419,618,1
Jam-2,8,4235,422,422,625,1
Jam-2,8,4222,421,421,622,1
Jam-2,8,4205,419,419,622,1
Jam-2,8,4202,419,419,620,1
Jam-2,8,4205,419,419,623,1
Jam-2,8,4248,423,423,625,1
Jam-2,8,4201,419,419,618,1
Jam-2,8,4223,421,421,625,1
Jam-2,8,4205,419,419,622,1
Jam-2,8,4225,421,421,625,1
Jam-2,8,4248,423,423,625,1
Jam-2,8,4226,421,421,624,1
Jam-2,8,4240,422,422,626,1
Jam-2,8,4248,423,423,625,1
Jam-2,8,4205,419,419,623,1
Jam-2,8,4227,421,421,623,1
Jam-2,8,4235,422,422,625,1
Jam-2,8,4213,420,420,623,1
Jam-2,8,4205,419,419,623,1
Jam-2,8,4218,420,420,625,1
Jam-2,8,4215,420,420,624,1
Jam-2,8,4248,423,423,625,1
Jam-2,8,4192,418,418,620,1
Jam-2,8,4201,419,419,618,1
Jam-21,21,1387,217,217,33,1
Jam-21,21,1393,218,218,33,1
Jam-21,21,1383,216,216,33,1
Jam-21,21,1383,216,216,33,1
Jam-21,21,1387,217,217,33,1
Jam-21,21,1387,217,217,33,1
Jam-21,21,1382,216,216,32,1
Jam-21,21,1382,216,216,32,1
Jam-21,21,1383,216,216,33,1
Jam-21,21,1387,217,217,33,1
Jam-21,21,1378,215,215,32,1
Jam-21,21,1388,217,217,33,1
Jam-21,21,1378,215,215,32,1
Jam-21,21,1384,216,216,34,1
Jam-21,21,1384,216,216,34,1
Jam-21,21,1383,216,216,33,1
Jam-21,21,1378,215,215,32,1
Jam-21,21,1383,216,216,33,1
Jam-21,21,1393,218,218,33,1
Jam-21,21,1378,215,215,32,1
Jam-21,21,1393,218,218,33,1
Jam-21,21,1393,218,218,33,1
Jam-21,21,1393,218,218,33,1
Jam-21,21,1393,218,218,33,1
Jam-21,21,1388,217,217,33,1
Jam-21,21,1378,215,215,32,1
Jam-21,21,1378,215,215,32,1
Jam-21,21,1393,218,218,33,1
Jam-21,21,1387,217,217,33,1
Jam-21,21,1387,217,217,33,1
Jam-21,21,1393,218,218,33,1
Jam-21,21,1393,218,218,33,1
Jam-21,21,1393,218,218,33,1
Jam-21,21,1383,216,216,33,1
Jam-21,21,1382,216,216,32,1
Jam-21,21,1393,218,218,33,1
Jam-21,21,1378,215,215,32,1
Jam-21,21,1378,215,215,32,1
Jam-21,21,1378,215,215,32,1
Jam-21,21,1387,217,217,33,1
Jam-21,21,1384,216,216,34,1
Jam-21,21,1393,218,218,33,1
Jam-21,21,1387,217,217,33,1
Jam-21,21,1393,218,218,33,1
Jam-21,21,1388,217,217,33,1
Jam-21,21,1389,217,217,34,1
Jam-21,21,1387,217,217,33,1
Jam-21,21,1383,216,216,33,1
Jam-21,21,1383,216,216,33,1
Jam-21,21,1387,217,217,33,1
Jam-21,21,1389,217,217,34,1
Jam-21,21,1378,215,215,32,1
Jam-21,21,1393,218,218,33,1
Jam-21,21,1389,217,217,34,1
Jam-21,21,1383,216,216,33,1
Jam-21,21,1384,216,216,34,1
Jam-21,21,1378,215,215,32,1
Jam-21,21,1384,216,216,34,1
Jam-21,21,1378,215,215,32,1
Jam-21,21,1378,215,215,32,1
Jam-21,21,1384,216,216,34,1
Jam-21,21,1382,216,216,32,1
Jam-21,21,1384,216,216,34,1
Jam-21,21,1388,217,217,33,1
Jam-21,21,1382,216,216,32,1
Jam-21,21,1378,215,215,32,1
Jam-21,21,1384,216,216,34,1
Jam-21,21,1393,218,218,33,1
Jam-21,21,1383,216,216,33,1
Jam-21,21,1378,215,215,32,1
Jam-21,21,1378,215,215,32,1
Jam-21,21,1382,216,216,32,1
Jam-21,21,1388,217,217,33,1
Jam-21,21,1387,217,217,33,1
Jam-21,21,1393,218,218,33,1
Jam-21,21,1378,215,215,32,1
Jam-21,21,1388,217,217,33,1
Jam-21,21,1393,218,218,33,1
Jam-21,21,1384,216,216,34,1
Jam-21,21,1387,217,217,33,1
Jam-21,21,1389,217,217,34,1
Jam-21,21,1387,217,217,33,1
Jam-21,21,1378,215,215,32,1
Jam-21,21,1378,215,215,32,1
Jam-21,21,1382,216,216,32,1
Jam-21,21,1388,217,217,33,1
Jam-21,21,1388,217,217,33,1
Jam-21,21,1384,216,216,34,1
Jam-21,21,1393,218,218,33,1
Jam-21,21,1387,217,217,33,1
Jam-21,21,1384,216,216,34,1
Jam-21,21,1378,215,215,32,1
Jam-21,21,1378,215,215,32,1
Jam-21,21,1382,216,216,32,1
Jam-21,21,1378,215,215,32,1
Jam-21,21,1378,215,215,32,1
Jam-21,21,1393,218,218,33,1
Jam-21,21,1382,216,216,32,1
Jam-21,21,1378,215,215,32,1
Jam-21,21,1383,216,216,33,1
Jam-3,14,5622,574,574,184,1
Jam-3,14,5592,571,571,184,1
Jam-3,14,5602,572,572,184,1
Jam-3,14,5602,572,572,184,1
Jam-3,14,5592,571,571,184,1
Jam-3,14,5582,570,570,184,1
Jam-3,14,5612,573,573,184,1
Jam-3,14,5582,570,570,184,1
Jam-3,14,5602,572,572,184,1
Jam-3,14,5612,573,573,184,1
Jam-3,14,5582,570,570,184,1
Jam-3,14,5582,570,570,184,1
Jam-3,14,5602,572,572,184,1
Jam-3,14,5632,575,575,184,1
Jam-3,14,5602,572,572,184,1
Jam-3,14,5632,575,575,184,1
Jam-3,14,5582,570,570,184,1
Jam-3,14,5602,572,572,184,1
Jam-3,14,5622,574,574,184,1
Jam-3,14,5582,570,570,184,1
Jam-3,14,5612,573,573,184,1
Jam-3,14,5582,570,570,184,1
Jam-3,14,5602,572,572,184,1
Jam-3,14,5602,572,572,184,1
Jam-3,14,5582,570,570,184,1
Jam-3,14,5602,572,572,184,1
Jam-3,14,5592,571,571,184,1
Jam-3,14,5592,571,571,184,1
Jam-3,14,5592,571,571,184,1
Jam-3,14,5592,571,571,184,1
Jam-3,14,5642,576,576,184,1
Jam-3,14,5612,573,573,184,1
Jam-3,14,5602,572,572,184,1
Jam-3,14,5612,573,573,184,1
Jam-3,14,5582,570,570,184,1
Jam-3,14,5602,572,572,184,1
Jam-3,14,5622,574,574,184,1
Jam-3,14,5592,571,571,184,1
Jam-3,14,5582,570,570,184,1
Jam-3,14,5582,570,570,184,1
Jam-3,14,5592,571,571,184,1
Jam-3,14,5592,571,571,184,1
Jam-3,14,5582,570,570,184,1
Jam-3,14,5582,570,570,184,1
Jam-3,14,5592,571,571,184,1
Jam-3,14,5612,573,573,184,1
Jam-3,14,5622,574,574,184,1
Jam-3,14,5602,572,572,184,1
Jam-3,14,5602,572,572,184,1
Jam-3,14,5592,571,571,184,1
Jam-3,14,5582,570,570,184,1
Jam-3,14,5602,572,572,184,1
Jam-3,14,5592,571,571,184,1
Jam-3,14,5612,573,573,184,1
Jam-3,14,5582,570,570,184,1
Jam-3,14,5612,573,573,184,1
Jam-3,14,5612,573,573,184,1
Jam-3,14,5612,573,573,184,1
Jam-3,14,5582,570,570,184,1
Jam-3,14,5592,571,571,184,1
Jam-3,14,5582,570,570,184,1
Jam-3,14,5592,571,571,184,1
Jam-3,14,5592,571,571,184,1
Jam-3,14,5592,571,571,184,1
Jam-3,14,5622,574,574,184,1
Jam-3,14,5582,570,570,184,1
Jam-3,14,5642,576,576,184,1
Jam-3,14,5622,574,574,184,1
Jam-3,14,5622,574,574,184,1
Jam-3,14,5602,572,572,184,1
Jam-3,14,5582,570,570,184,1
Jam-3,14,5582,570,570,184,1
Jam-3,14,5612,573,573,184,1
Jam-3,14,5612,573,573,184,1
Jam-3,14,5582,570,570,184,1
Jam-3,14,5592,571,571,184,1
Jam-3,14,5602,572,572,184,1
Jam-3,14,5592,571,571,184,1
Jam-3,14,5592,571,571,184,1
Jam-3,14,5592,571,571,184,1
Jam-3,14,5582,570,570,184,1
Jam-3,14,5582,570,570,184,1
Jam-3,14,5622,574,574,184,1
Jam-3,14,5622,574,574,184,1
Jam-3,14,5612,573,573,184,1
Jam-3,14,5602,572,572,184,1
Jam-3,14,5612,573,573,184,1
Jam-3,14,5632,575,575,184,1
Jam-3,14,5602,572,572,184,1
Jam-3,14,5612,573,573,184,1
Jam-3,14,5592,571,571,184,1
Jam-3,14,5582,570,570,184,1
Jam-3,14,5582,570,570,184,1
Jam-3,14,5602,572,572,184,1
Jam-3,14,5602,572,572,184,1
Jam-3,14,5592,571,571,184,1
Jam-3,14,5622,574,574,184,1
Jam-3,14,5612,573,573,184,1
Jam-3,14,5582,570,570,184,1
Jam-3,14,5582,570,570,184,1
Jam-4,9,508,64,64,116,1
Jam-4,9,528,66,66,116,1
Jam-4,9,528,66,66,116,1
Jam-4,9,513,64,64,113,1
Jam-4,9,508,64,64,116,1
Jam-4,9,528,66,66,116,1
Jam-4,9,511,64,64,114,1
Jam-4,9,508,64,64,116,1
Jam-4,9,501,63,63,113,1
Jam-4,9,501,63,63,113,1
Jam-4,9,500,63,63,112,1
Jam-4,9,513,64,64,113,1
Jam-4,9,501,63,63,113,1
Jam-4,9,520,65,65,114,1
Jam-4,9,493,62,62,109,1
Jam-4,9,513,64,64,113,1
Jam-4,9,528,66,66,116,1
Jam-4,9,493,62,62,109,1
Jam-4,9,503,63,63,111,1
Jam-4,9,493,62,62,109,1
Jam-4,9,513,64,64,113,1
Jam-4,9,528,66,66,116,1
Jam-4,9,521,65,65,115,1
Jam-4,9,493,62,62,109,1
Jam-4,9,513,64,64,113,1
Jam-4,9,500,63,63,112,1
Jam-4,9,508,64,64,116,1
Jam-4,9,521,65,65,115,1
Jam-4,9,520,65,65,114,1
Jam-4,9,503,63,63,111,1
Jam-4,9,503,63,63,111,1
Jam-4,9,521,65,65,115,1
Jam-4,9,511,64,64,114,1
Jam-4,9,500,63,63,112,1
Jam-4,9,508,64,64,116,1
Jam-4,9,521,65,65,115,1
Jam-4,9,528,66,66,116,1
Jam-4,9,508,64,64,116,1
Jam-4,9,493,62,62,109,1
Jam-4,9,521,65,65,115,1
Jam-4,9,520,65,65,114,1
Jam-4,9,493,62,62,109,1
Jam-4,9,493,62,62,109,1
Jam-4,9,528,66,66,116,1
Jam-4,9,493,62,62,109,1
Jam-4,9,510,64,64,113,1
Jam-4,9,520,65,65,114,1
Jam-4,9,493,62,62,109,1
Jam-4,9,501,63,63,113,1
Jam-4,9,520,65,65,114,1
Jam-4,9,510,64,64,113,1
Jam-4,9,513,64,64,113,1
Jam-4,9,520,65,65,114,1
Jam-4,9,520,65,65,114,1
Jam-4,9,508,64,64,116,1
Jam-4,9,520,65,65,114,1
Jam-4,9,528,66,66,116,1
Jam-4,9,520,65,65,114,1
Jam-4,9,493,62,62,109,1
Jam-4,9,508,64,64,116,1
Jam-4,9,528,66,66,116,1
Jam-4,9,508,64,64,116,1
Jam-4,9,511,64,64,114,1
Jam-4,9,500,63,63,112,1
Jam-4,9,521,65,65,115,1
Jam-4,9,493,62,62,109,1
Jam-4,9,521,65,65,115,1
Jam-4,9,513,64,64,113,1
Jam-4,9,493,62,62,109,1
Jam-4,9,513,64,64,113,1
Jam-4,9,493,62,62,109,1
Jam-4,9,520,65,65,114,1
Jam-4,9,508,64,64,116,1
Jam-4,9,500,63,63,112,1
Jam-4,9,528,66,66,116,1
Jam-4,9,513,64,64,113,1
Jam-4,9,493,62,62,109,1
Jam-4,9,528,66,66,116,1
Jam-4,9,493,62,62,109,1
Jam-4,9,508,64,64,116,1
Jam-4,9,521,65,65,115,1
Jam-4,9,500,63,63,112,1
Jam-4,9,528,66,66,116,1
Jam-4,9,521,65,65,115,1
Jam-4,9,508,64,64,116,1
Jam-4,9,518,65,65,116,1
Jam-4,9,511,64,64,114,1
Jam-4,9,520,65,65,114,1
Jam-4,9,508,64,64,116,1
Jam-4,9,500,63,63,112,1
Jam-4,9,493,62,62,109,1
Jam-4,9,511,64,64,114,1
Jam-4,9,493,62,62,109,1
Jam-4,9,518,65,65,116,1
Jam-4,9,528,66,66,116,1
Jam-4,9,520,65,65,114,1
Jam-4,9,493,62,62,109,1
Jam-4,9,513,64,64,113,1
Jam-4,9,528,66,66,116,1
Jam-4,9,520,65,65,114,1
Jam-5,9,2848,255,255,593,1
Jam-5,9,2821,252,252,586,1
Jam-5,9,2900,259,259,599,1
Jam-5,9,2834,253,253,590,1
Jam-5,9,2848,255,255,593,1
Jam-5,9,2808,251,251,583,1
Jam-5,9,2835,253,253,591,1
Jam-5,9,2869,256,256,598,1
Jam-5,9,2846,254,254,593,1
Jam-5,9,2856,255,255,593,1
Jam-5,9,2829,253,253,589,1
Jam-5,9,2829,253,253,589,1
Jam-5,9,2864,256,256,592,1
Jam-5,9,2860,256,256,594,1
Jam-5,9,2837,254,254,591,1
Jam-5,9,2833,253,253,589,1
Jam-5,9,2835,253,253,591,1
Jam-5,9,2858,255,255,595,1
Jam-5,9,2863,256,256,595,1
Jam-5,9,2829,253,253,589,1
Jam-5,9,2865,256,256,595,1
Jam-5,9,2860,255,255,597,1
Jam-5,9,2854,255,255,593,1
Jam-5,9,2808,251,251,583,1
Jam-5,9,2857,255,255,593,1
Jam-5,9,2843,254,254,593,1
Jam-5,9,2864,256,256,594,1
Jam-5,9,2848,255,255,593,1
Jam-5,9,2888,258,258,598,1
Jam-5,9,2853,255,255,593,1
Jam-5,9,2808,251,251,583,1
Jam-5,9,2868,256,256,597,1
Jam-5,9,2868,256,256,597,1
Jam-5,9,2842,254,254,592,1
Jam-5,9,2808,251,251,583,1
Jam-5,9,2856,255,255,593,1
Jam-5,9,2831,253,253,588,1
Jam-5,9,2817,252,252,586,1
Jam-5,9,2840,254,254,590,1
Jam-5,9,2821,252,252,587,1
Jam-5,9,2835,253,253,591,1
Jam-5,9,2852,255,255,593,1
Jam-5,9,2832,253,253,589,1
Jam-5,9,2827,253,253,587,1
Jam-5,9,2808,251,251,583,1
Jam-5,9,2820,252,252,586,1
Jam-5,9,2900,259,259,599,1
Jam-5,9,2822,252,252,587,1
Jam-5,9,2831,253,253,588,1
Jam-5,9,2857,255,255,593,1
Jam-5,9,2853,255,255,593,1
Jam-5,9,2841,254,254,591,1
Jam-5,9,2848,255,255,593,1
Jam-5,9,2827,253,253,587,1
Jam-5,9,2829,253,253,589,1
Jam-5,9,2829,253,253,589,1
Jam-5,9,2808,251,251,583,1
Jam-5,9,2808,251,251,583,1
Jam-5,9,2839,254,254,590,1
Jam-5,9,2821,252,252,587,1
Jam-5,9,2833,253,253,590,1
Jam-5,9,2829,253,253,589,1
Jam-5,9,2878,257,257,597,1
Jam-5,9,2852,255,255,593,1
Jam-5,9,2845,254,254,591,1
Jam-5,9,2808,251,251,583,1
Jam-5,9,2867,256,256,595,1
Jam-5,9,2867,256,256,596,1
Jam-5,9,2840,254,254,591,1
Jam-5,9,2850,255,255,593,1
Jam-5,9,2820,252,252,586,1
Jam-5,9,2861,256,256,595,1
Jam-5,9,2808,251,251,583,1
Jam-5,9,2808,251,251,583,1
Jam-5,9,2900,259,259,599,1
Jam-5,9,2808,251,251,583,1
Jam-5,9,2829,253,253,589,1
Jam-5,9,2855,255,255,595,1
Jam-5,9,2835,253,253,591,1
Jam-5,9,2834,253,253,590,1
Jam-5,9,2841,254,254,589,1
Jam-5,9,2861,256,256,595,1
Jam-5,9,2860,255,255,597,1
Jam-5,9,2828,253,253,588,1
Jam-5,9,2808,251,251,583,1
Jam-5,9,2839,254,254,590,1
Jam-5,9,2864,256,256,595,1
Jam-5,9,2827,253,253,587,1
Jam-5,9,2842,254,254,591,1
Jam-5,9,2829,253,253,589,1
Jam-5,9,2822,252,252,587,1
Jam-5,9,2848,255,255,593,1
Jam-5,9,2808,251,251,583,1
Jam-5,9,2886,258,258,597,1
Jam-5,9,2850,255,255,593,1
Jam-5,9,2869,256,256,598,1
Jam-5,9,2854,255,255,595,1
Jam-5,9,2866,256,256,596,1
Jam-5,9,2853,255,255,593,1
Jam-5,9,2808,251,251,583,1
Jam-6,9,4416,419,419,525,1
Jam-6,9,4412,419,419,525,1
Jam-6,9,4416,419,419,525,1
Jam-6,9,4415,419,419,526,1
Jam-6,9,4425,420,420,525,1
Jam-6,9,4383,416,416,524,1
Jam-6,9,4395,417,417,527,1
Jam-6,9,4425,420,420,525,1
Jam-6,9,4392,417,417,525,1
Jam-6,9,4392,417,417,525,1
Jam-6,9,4403,418,418,524,1
Jam-6,9,4416,419,419,525,1
Jam-6,9,4416,419,419,525,1
Jam-6,9,4383,416,416,524,1
Jam-6,9,4437,421,421,526,1
Jam-6,9,4394,417,417,524,1
Jam-6,9,4407,418,418,524,1
Jam-6,9,4383,416,416,524,1
Jam-6,9,4383,416,416,524,1
Jam-6,9,4392,417,417,525,1
Jam-6,9,4437,421,421,526,1
Jam-6,9,4425,420,420,525,1
Jam-6,9,4392,417,417,524,1
Jam-6,9,4437,421,421,526,1
Jam-6,9,4395,417,417,527,1
Jam-6,9,4405,418,418,524,1
Jam-6,9,4403,418,418,524,1
Jam-6,9,4392,417,417,524,1
Jam-6,9,4383,416,416,524,1
Jam-6,9,4395,417,417,527,1
Jam-6,9,4404,418,418,527,1
Jam-6,9,4395,417,417,527,1
Jam-6,9,4408,418,418,527,1
Jam-6,9,4437,421,421,526,1
Jam-6,9,4417,419,419,527,1
Jam-6,9,4416,419,419,525,1
Jam-6,9,4394,417,417,524,1
Jam-6,9,4383,416,416,524,1
Jam-6,9,4392,417,417,524,1
Jam-6,9,4392,417,417,525,1
Jam-6,9,4403,418,418,525,1
Jam-6,9,4403,418,418,525,1
Jam-6,9,4394,417,417,524,1
Jam-6,9,4383,416,416,524,1
Jam-6,9,4403,418,418,525,1
Jam-6,9,4426,420,420,527,1
Jam-6,9,4425,420,420,525,1
Jam-6,9,4395,417,417,527,1
Jam-6,9,4417,419,419,527,1
Jam-6,9,4383,416,416,524,1
Jam-6,9,4415,419,419,526,1
Jam-6,9,4403,418,418,524,1
Jam-6,9,4403,418,418,524,1
Jam-6,9,4392,417,417,525,1
Jam-6,9,4424,420,420,526,1
Jam-6,9,4392,417,417,525,1
Jam-6,9,4424,420,420,526,1
Jam-6,9,4425,420,420,525,1
Jam-6,9,4428,420,420,526,1
Jam-6,9,4404,418,418,527,1
Jam-6,9,4396,417,417,524,1
Jam-6,9,4392,417,417,524,1
Jam-6,9,4428,420,420,526,1
Jam-6,9,4383,416,416,524,1
Jam-6,9,4403,418,418,525,1
Jam-6,9,4408,418,418,527,1
Jam-6,9,4383,416,416,524,1
Jam-6,9,4408,418,418,527,1
Jam-6,9,4437,421,421,526,1
Jam-6,9,4428,420,420,526,1
Jam-6,9,4383,416,416,524,1
Jam-6,9,4392,417,417,524,1
Jam-6,9,4425,420,420,525,1
Jam-6,9,4415,419,419,526,1
Jam-6,9,4404,418,418,527,1
Jam-6,9,4395,417,417,527,1
Jam-6,9,4392,417,417,525,1
Jam-6,9,4437,421,421,526,1
Jam-6,9,4417,419,419,527,1
Jam-6,9,4383,416,416,524,1
Jam-6,9,4424,420,420,526,1
Jam-6,9,4394,417,417,524,1
Jam-6,9,4394,417,417,524,1
Jam-6,9,4426,420,420,527,1
Jam-6,9,4425,420,420,525,1
Jam-6,9,4383,416,416,524,1
Jam-6,9,4395,417,417,527,1
Jam-6,9,4408,418,418,527,1
Jam-6,9,4419,419,419,526,1
Jam-6,9,4416,419,419,525,1
Jam-6,9,4425,420,420,525,1
Jam-6,9,4383,416,416,524,1
Jam-6,9,4392,417,417,524,1
Jam-6,9,4428,420,420,526,1
Jam-6,9,4437,421,421,526,1
Jam-6,9,4412,419,419,525,1
Jam-6,9,4414,419,419,525,1
Jam-6,9,4425,420,420,525,1
Jam-6,9,4383,416,416,524,1
Jam-6,9,4426,420,420,527,1
Jam-7,13,32883,2795,2795,1681,1
Jam-7,13,32856,2793,2793,1676,1
Jam-7,13,32882,2795,2795,1683,1
Jam-7,13,32892,2795,2795,1685,1
Jam-7,13,32873,2794,2794,1681,1
Jam-7,13,33108,2808,2808,1742,1
Jam-7,13,33070,2805,2805,1736,1
Jam-7,13,32873,2794,2794,1682,1
Jam-7,13,32888,2795,2795,1687,1
Jam-7,13,32887,2795,2795,1684,1
Jam-7,13,32957,2799,2799,1702,1
Jam-7,13,32878,2795,2795,1682,1
Jam-7,13,32867,2794,2794,1679,1
Jam-7,13,33165,2811,2811,1753,1
Jam-7,13,32856,2793,2793,1676,1
Jam-7,13,33027,2804,2804,1720,1
Jam-7,13,32943,2798,2798,1702,1
Jam-7,13,32890,2795,2795,1686,1
Jam-7,13,33173,2812,2812,1760,1
Jam-7,13,33079,2807,2807,1741,1
Jam-7,13,33128,2809,2809,1753,1
Jam-7,13,32871,2794,2794,1679,1
Jam-7,13,32856,2793,2793,1676,1
Jam-7,13,32869,2794,2794,1678,1
Jam-7,13,32900,2796,2796,1686,1
Jam-7,13,32983,2801,2801,1708,1
Jam-7,13,32968,2800,2800,1707,1
Jam-7,13,32874,2794,2794,1682,1
Jam-7,13,32900,2796,2796,1686,1
Jam-7,13,32949,2798,2798,1705,1
Jam-7,13,33063,2805,2805,1728,1
Jam-7,13,33132,2809,2809,1752,1
Jam-7,13,32875,2794,2794,1683,1
Jam-7,13,33094,2807,2807,1746,1
Jam-7,13,32856,2793,2793,1676,1
Jam-7,13,32872,2794,2794,1680,1
Jam-7,13,32856,2793,2793,1676,1
Jam-7,13,32888,2795,2795,1685,1
Jam-7,13,33018,2803,2803,1716,1
Jam-7,13,32856,2793,2793,1676,1
Jam-7,13,32871,2794,2794,1680,1
Jam-7,13,32904,2796,2796,1688,1
Jam-7,13,32856,2793,2793,1676,1
Jam-7,13,33043,2804,2804,1727,1
Jam-7,13,32958,2799,2799,1701,1
Jam-7,13,32896,2795,2795,1688,1
Jam-7,13,32869,2794,2794,1679,1
Jam-7,13,32885,2795,2795,1684,1
Jam-7,13,32987,2801,2801,1711,1
Jam-7,13,32875,2794,2794,1682,1
Jam-7,13,32868,2794,2794,1678,1
Jam-7,13,32928,2797,2797,1690,1
Jam-7,13,32884,2795,2795,1684,1
Jam-7,13,32871,2794,2794,1680,1
Jam-7,13,32913,2796,2796,1692,1
Jam-7,13,32907,2796,2796,1693,1
Jam-7,13,32856,2793,2793,1676,1
Jam-7,13,32909,2796,2796,1691,1
Jam-7,13,32915,2797,2797,1690,1
Jam-7,13,32931,2797,2797,1695,1
Jam-7,13,32871,2794,2794,1680,1
Jam-7,13,32920,2797,2797,1697,1
Jam-7,13,32871,2794,2794,1680,1
Jam-7,13,32942,2798,2798,1698,1
Jam-7,13,32887,2795,2795,1685,1
Jam-7,13,32902,2796,2796,1690,1
Jam-7,13,32957,2799,2799,1699,1
Jam-7,13,32905,2796,2796,1690,1
Jam-7,13,32962,2799,2799,1706,1
Jam-7,13,32894,2795,2795,1687,1
Jam-7,13,32924,2797,2797,1694,1
Jam-7,13,33146,2810,2810,1741,1
Jam-7,13,32974,2800,2800,1704,1
Jam-7,13,32975,2800,2800,1713,1
Jam-7,13,32856,2793,2793,1676,1
Jam-7,13,32871,2794,2794,1680,1
Jam-7,13,32869,2794,2794,1679,1
Jam-7,13,32856,2793,2793,1676,1
Jam-7,13,32867,2794,2794,1679,1
Jam-7,13,32871,2794,2794,1680,1
Jam-7,13,32971,2800,2800,1709,1
Jam-7,13,33078,2806,2806,1731,1
Jam-7,13,33012,2802,2802,1722,1
Jam-7,13,32932,2798,2798,1698,1
Jam-7,13,32972,2800,2800,1706,1
Jam-7,13,33066,2805,2805,1734,1
Jam-7,13,32856,2793,2793,1676,1
Jam-7,13,32871,2794,2794,1679,1
Jam-7,13,33243,2816,2816,1771,1
Jam-7,13,33092,2807,2807,1739,1
Jam-7,13,32856,2793,2793,1676,1
Jam-7,13,33042,2804,2804,1729,1
Jam-7,13,32987,2802,2802,1706,1
Jam-7,13,32913,2796,2796,1694,1
Jam-7,13,33028,2803,2803,1720,1
Jam-7,13,33021,2802,2802,1723,1
Jam-7,13,32918,2797,2797,1693,1
Jam-7,13,32868,2794,2794,1678,1
Jam-7,13,33016,2802,2802,1717,1
Jam-7,13,32955,2799,2799,1706,1
Jam-8,12,2719,357,357,319,1
Jam-8,12,2719,357,357,319,1
Jam-8,12,2719,357,357,319,1
Jam-8,12,2719,357,357,319,1
Jam-8,12,2719,357,357,319,1
Jam-8,12,2719,357,357,319,1
Jam-8,12,2719,357,357,319,1
Jam-8,12,2719,357,357,319,1
Jam-8,12,2719,357,357,319,1
Jam-8,12,2719,357,357,319,1
Jam-8,12,2719,357,357,319,1
Jam-8,12,2719,357,357,319,1
Jam-8,12,2719,357,357,319,1
Jam-8,12,2719,357,357,319,1
Jam-8,12,2719,357,357,319,1
Jam-8,12,2719,357,357,319,1
Jam-8,12,2719,357,357,319,1
Jam-8,12,2719,357,357,319,1
Jam-8,12,2719,357,357,319,1
Jam-8,12,2719,357,357,319,1
Jam-8,12,2719,357,357,319,1
Jam-8,12,2719,357,357,319,1
Jam-8,12,2719,357,357,319,1
Jam-8,12,2719,357,357,319,1
Jam-8,12,2719,357,357,319,1
Jam-8,12,2719,357,357,319,1
Jam-8,12,2719,357,357,319,1
Jam-8,12,2719,357,357,319,1
Jam-8,12,2719,357,357,319,1
Jam-8,12,2719,357,357,319,1
Jam-8,12,2719,357,357,319,1
Jam-8,12,2719,357,357,319,1
Jam-8,12,2719,357,357,319,1
Jam-8,12,2719,357,357,319,1
Jam-8,12,2719,357,357,319,1
Jam-8,12,2719,357,357,319,1
Jam-8,12,2719,357,357,319,1
Jam-8,12,2719,357,357,319,1
Jam-8,12,2719,357,357,319,1
Jam-8,12,2719,357,357,319,1
Jam-8,12,2719,357,357,319,1
Jam-8,12,2719,357,357,319,1
Jam-8,12,2719,357,357,319,1
Jam-8,12,2719,357,357,319,1
Jam-8,12,2719,357,357,319,1
Jam-8,12,2719,357,357,319,1
Jam-8,12,2719,357,357,319,1
Jam-8,12,2719,357,357,319,1
Jam-8,12,2719,357,357,319,1
Jam-8,12,2719,357,357,319,1
Jam-8,12,2719,357,357,319,1
Jam-8,12,2719,357,357,319,1
Jam-8,12,2719,357,357,319,1
Jam-8,12,2719,357,357,319,1
Jam-8,12,2719,357,357,319,1
Jam-8,12,2719,357,357,319,1
Jam-8,12,2719,357,357,319,1
Jam-8,12,2719,357,357,319,1
Jam-8,12,2719,357,357,319,1
Jam-8,12,2719,357,357,319,1
Jam-8,12,2719,357,357,319,1
Jam-8,12,2719,357,357,319,1
Jam-8,12,2719,357,357,319,1
Jam-8,12,2719,357,357,319,1
Jam-8,12,2719,357,357,319,1
Jam-8,12,2719,357,357,319,1
Jam-8,12,2719,357,357,319,1
Jam-8,12,2719,357,357,319,1
Jam-8,12,2719,357,357,319,1
Jam-8,12,2719,357,357,319,1
Jam-8,12,2719,357,357,319,1
Jam-8,12,2719,357,357,319,1
Jam-8,12,2719,357,357,319,1
Jam-8,12,2719,357,357,319,1
Jam-8,12,2719,357,357,319,1
Jam-8,12,2719,357,357,319,1
Jam-8,12,2719,357,357,319,1
Jam-8,12,2719,357,357,319,1
Jam-8,12,2719,357,357,319,1
Jam-8,12,2719,357,357,319,1
Jam-8,12,2719,357,357,319,1
Jam-8,12,2719,357,357,319,1
Jam-8,12,2719,357,357,319,1
Jam-8,12,2719,357,357,319,1
Jam-8,12,2719,357,357,319,1
Jam-8,12,2719,357,357,319,1
Jam-8,12,2719,357,357,319,1
Jam-8,12,2719,357,357,319,1
Jam-8,12,2719,357,357,319,1
Jam-8,12,2719,357,357,319,1
Jam-8,12,2719,357,357,319,1
Jam-8,12,2719,357,357,319,1
Jam-8,12,2719,357,357,319,1
Jam-8,12,2719,357,357,319,1
Jam-8,12,2719,357,357,319,1
Jam-8,12,2719,357,357,319,1
Jam-8,12,2719,357,357,319,1
Jam-8,12,2719,357,357,319,1
Jam-8,12,2719,357,357,319,1
Jam-8,12,2719,357,357,319,1
Jam-9,12,2168,268,268,268,1
Jam-9,12,2168,268,268,268,1
Jam-9,12,2183,270,270,267,1
Jam-9,12,2176,269,269,268,1
Jam-9,12,2179,269,269,273,1
Jam-9,12,2201,272,272,268,1
Jam-9,12,2168,268,268,268,1
Jam-9,12,2180,269,269,273,1
Jam-9,12,2180,269,269,273,1
Jam-9,12,2179,269,269,273,1
Jam-9,12,2223,274,274,277,1
Jam-9,12,2258,278,278,276,1
Jam-9,12,2257,278,278,276,1
Jam-9,12,2192,270,270,277,1
Jam-9,12,2168,268,268,268,1
Jam-9,12,2256,278,278,276,1
Jam-9,12,2229,274,274,283,1
Jam-9,12,2168,268,268,268,1
Jam-9,12,2168,268,268,268,1
Jam-9,12,2180,269,269,273,1
Jam-9,12,2168,268,268,268,1
Jam-9,12,2175,269,269,268,1
Jam-9,12,2226,275,275,272,1
Jam-9,12,2209,273,273,267,1
Jam-9,12,2168,268,268,268,1
Jam-9,12,2168,268,268,268,1
Jam-9,12,2213,273,273,273,1
Jam-9,12,2213,273,273,275,1
Jam-9,12,2268,279,279,279,1
Jam-9,12,2168,268,268,268,1
Jam-9,12,2261,278,278,280,1
Jam-9,12,2168,268,268,268,1
Jam-9,12,2184,270,270,269,1
Jam-9,12,2179,269,269,273,1
Jam-9,12,2183,270,270,267,1
Jam-9,12,2215,273,273,278,1
Jam-9,12,2181,269,269,273,1
Jam-9,12,2193,271,271,269,1
Jam-9,12,2177,269,269,269,1
Jam-9,12,2251,277,277,277,1
Jam-9,12,2215,274,274,268,1
Jam-9,12,2179,269,269,273,1
Jam-9,12,2210,273,273,268,1
Jam-9,12,2178,269,269,269,1
Jam-9,12,2199,271,271,279,1
Jam-9,12,2168,268,268,268,1
Jam-9,12,2239,276,276,272,1
Jam-9,12,2270,279,279,279,1
Jam-9,12,2178,269,269,269,1
Jam-9,12,2179,269,269,273,1
Jam-9,12,2211,272,272,282,1
Jam-9,12,2204,272,272,274,1
Jam-9,12,2203,272,272,272,1
Jam-9,12,2221,274,274,275,1
Jam-9,12,2234,276,276,268,1
Jam-9,12,2186,270,270,269,1
Jam-9,12,2192,271,271,269,1
Jam-9,12,2253,277,277,281,1
Jam-9,12,2203,272,272,275,1
Jam-9,12,2225,274,274,277,1
Jam-9,12,2259,278,278,276,1
Jam-9,12,2218,273,273,278,1
Jam-9,12,2196,271,271,275,1
Jam-9,12,2189,270,270,274,1
Jam-9,12,2269,279,279,279,1
Jam-9,12,2181,269,269,273,1
Jam-9,12,2193,270,270,278,1
Jam-9,12,2168,268,268,268,1
Jam-9,12,2236,276,276,273,1
Jam-9,12,2224,274,274,280,1
Jam-9,12,2168,268,268,268,1
Jam-9,12,2168,268,268,268,1
Jam-9,12,2168,268,268,268,1
Jam-9,12,2242,276,276,282,1
Jam-9,12,2188,270,270,274,1
Jam-9,12,2168,268,268,268,1
Jam-9,12,2168,268,268,268,1
Jam-9,12,2168,268,268,268,1
Jam-9,12,2168,268,268,268,1
Jam-9,12,2244,276,276,278,1
Jam-9,12,2239,275,275,286,1
Jam-9,12,2213,273,273,274,1
Jam-9,12,2168,268,268,268,1
Jam-9,12,2206,272,272,274,1
Jam-9,12,2210,272,272,277,1
Jam-9,12,2168,268,268,268,1
Jam-9,12,2259,278,278,276,1
Jam-9,12,2195,271,271,273,1
Jam-9,12,2168,268,268,268,1
Jam-9,12,2185,270,270,269,1
Jam-9,12,2179,269,269,273,1
Jam-9,12,2168,268,268,268,1
Jam-9,12,2168,268,268,268,1
Jam-9,12,2198,271,271,273,1
Jam-9,12,2168,268,268,268,1
Jam-9,12,2168,268,268,268,1
Jam-9,12,2168,268,268,268,1
Jam-9,12,2168,268,268,268,1
Jam-9,12,2168,268,268,268,1
Jam-9,12,2268,279,279,279,1
Jam-10,17,11769,1360,1360,222,1
Jam-10,17,11769,1360,1360,222,1
Jam-10,17,11769,1360,1360,222,1
Jam-10,17,11779,1361,1361,224,1
Jam-10,17,11755,1358,1358,220,1
Jam-10,17,11782,1361,1361,227,1
Jam-10,17,11780,1361,1361,229,1
Jam-10,17,11779,1361,1361,224,1
Jam-10,17,11790,1362,1362,232,1
Jam-10,17,11797,1363,1363,231,1
Jam-10,17,11765,1359,1359,224,1
Jam-10,17,11765,1359,1359,224,1
Jam-10,17,11787,1362,1362,229,1
Jam-10,17,11797,1363,1363,231,1
Jam-10,17,11780,1361,1361,229,1
Jam-10,17,11777,1361,1361,227,1
Jam-10,17,11772,1360,1360,224,1
Jam-10,17,11765,1359,1359,224,1
Jam-10,17,11762,1359,1359,221,1
Jam-10,17,11789,1362,1362,226,1
Jam-10,17,11755,1358,1358,220,1
Jam-10,17,11772,1360,1360,224,1
Jam-10,17,11777,1361,1361,227,1
Jam-10,17,11770,1360,1360,226,1
Jam-10,17,11755,1358,1358,220,1
Jam-10,17,11782,1361,1361,227,1
Jam-10,17,11769,1360,1360,222,1
Jam-10,17,11775,1360,1360,228,1
Jam-10,17,11765,1359,1359,224,1
Jam-10,17,11779,1361,1361,224,1
Jam-10,17,11755,1358,1358,220,1
Jam-10,17,11782,1361,1361,227,1
Jam-10,17,11772,1360,1360,224,1
Jam-10,17,11780,1361,1361,229,1
Jam-10,17,11779,1361,1361,224,1
Jam-10,17,11775,1360,1360,228,1
Jam-10,17,11755,1358,1358,220,1
Jam-10,17,11779,1361,1361,224,1
Jam-10,17,11782,1361,1361,227,1
Jam-10,17,11777,1361,1361,227,1
Jam-10,17,11762,1359,1359,221,1
Jam-10,17,11765,1359,1359,224,1
Jam-10,17,11787,1362,1362,229,1
Jam-10,17,11762,1359,1359,221,1
Jam-10,17,11772,1360,1360,224,1
Jam-10,17,11797,1363,1363,231,1
Jam-10,17,11790,1362,1362,232,1
Jam-10,17,11797,1363,1363,231,1
Jam-10,17,11763,1359,1359,225,1
Jam-10,17,11765,1359,1359,224,1
Jam-10,17,11782,1361,1361,227,1
Jam-10,17,11762,1359,1359,221,1
Jam-10,17,11787,1362,1362,229,1
Jam-10,17,11787,1362,1362,229,1
Jam-10,17,11769,1360,1360,222,1
Jam-10,17,11777,1361,1361,227,1
Jam-10,17,11787,1362,1362,229,1
Jam-10,17,11762,1359,1359,221,1
Jam-10,17,11797,1363,1363,231,1
Jam-10,17,11789,1362,1362,226,1
Jam-10,17,11782,1361,1361,227,1
Jam-10,17,11789,1362,1362,226,1
Jam-10,17,11789,1362,1362,226,1
Jam-10,17,11755,1358,1358,220,1
Jam-10,17,11769,1360,1360,222,1
Jam-10,17,11765,1359,1359,224,1
Jam-10,17,11762,1359,1359,221,1
Jam-10,17,11765,1359,1359,224,1
Jam-10,17,11762,1359,1359,221,1
Jam-10,17,11777,1361,1361,227,1
Jam-10,17,11789,1362,1362,226,1
Jam-10,17,11783,1361,1361,233,1
Jam-10,17,11797,1363,1363,231,1
Jam-10,17,11755,1358,1358,220,1
Jam-10,17,11779,1361,1361,224,1
Jam-10,17,11789,1362,1362,226,1
Jam-10,17,11789,1362,1362,226,1
Jam-10,17,11789,1362,1362,226,1
Jam-10,17,11779,1361,1361,224,1
Jam-10,17,11769,1360,1360,222,1
Jam-10,17,11782,1361,1361,227,1
Jam-10,17,11783,1361,1361,233,1
Jam-10,17,11762,1359,1359,221,1
Jam-10,17,11762,1359,1359,221,1
Jam-10,17,11790,1362,1362,232,1
Jam-10,17,11787,1362,1362,229,1
Jam-10,17,11755,1358,1358,220,1
Jam-10,17,11755,1358,1358,220,1
Jam-10,17,11789,1362,1362,226,1
Jam-10,17,11790,1362,1362,232,1
Jam-10,17,11755,1358,1358,220,1
Jam-10,17,11789,1362,1362,226,1
Jam-10,17,11777,1361,1361,227,1
Jam-10,17,11797,1363,1363,231,1
Jam-10,17,11797,1363,1363,231,1
Jam-10,17,11779,1361,1361,224,1
Jam-10,17,11782,1361,1361,227,1
Jam-10,17,11769,1360,1360,222,1
Jam-10,17,11775,1360,1360,228,1
Jam-10,17,11789,1362,1362,226,1
