Jam-1,8,11545,1054,1054,25,2
Jam-1,8,11599,1061,1061,18,2
Jam-1,8,11528,1052,1052,27,2
Jam-1,8,11544,1054,1054,25,2
Jam-1,8,11528,1052,1052,27,2
Jam-1,8,11583,1059,1059,20,2
Jam-1,8,11560,1056,1056,23,2
Jam-1,8,11537,1053,1053,26,2
Jam-1,8,11543,1054,1054,25,2
Jam-1,8,11536,1053,1053,26,2
Jam-1,8,11528,1052,1052,27,2
Jam-1,8,11561,1056,1056,23,2
Jam-1,8,11567,1057,1057,22,2
Jam-1,8,11584,1059,1059,20,2
Jam-1,8,11520,1051,1051,28,2
Jam-1,8,11568,1057,1057,22,2
Jam-1,8,11583,1059,1059,20,2
Jam-1,8,11575,1058,1058,21,2
Jam-1,8,11535,1053,1053,26,2
Jam-1,8,11567,1057,1057,22,2
Jam-1,8,11608,1062,1062,17,2
Jam-1,8,11578,1058,1058,21,2
Jam-1,8,11604,1061,1061,18,2
Jam-1,8,11563,1056,1056,23,2
Jam-1,8,11528,1052,1052,27,2
Jam-1,8,11527,1052,1052,27,2
Jam-1,8,11538,1053,1053,26,2
Jam-1,8,11559,1056,1056,23,2
Jam-1,8,11606,1062,1062,17,2
Jam-1,8,11560,1056,1056,23,2
Jam-1,8,11581,1059,1059,20,2
Jam-1,8,11538,1053,1053,26,2
Jam-1,8,11560,1056,1056,23,2
Jam-1,8,11528,1052,1052,27,2
Jam-1,8,11546,1054,1054,25,2
Jam-1,8,11554,1055,1055,24,2
Jam-1,8,11544,1054,1054,25,2
Jam-1,8,11595,1060,1060,19,2
Jam-1,8,11528,1052,1052,27,2
Jam-1,8,11535,1053,1053,26,2
Jam-1,8,11554,1055,1055,24,2
Jam-1,8,11609,1062,1062,17,2
Jam-1,8,11536,1053,1053,26,2
Jam-1,8,11552,1055,1055,24,2
Jam-1,8,11654,1068,1068,11,2
Jam-1,8,11610,1062,1062,17,2
Jam-1,8,11534,1053,1053,26,2
Jam-1,8,11620,1063,1063,16,2
Jam-1,8,11528,1052,1052,27,2
Jam-1,8,11574,1058,1058,21,2
Jam-1,8,11543,1054,1054,25,2
Jam-1,8,11657,1068,1068,11,2
Jam-1,8,11520,1051,1051,28,2
Jam-1,8,11544,1054,1054,25,2
Jam-1,8,11520,1051,1051,28,2
Jam-1,8,11621,1063,1063,16,2
Jam-1,8,11520,1051,1051,28,2
Jam-1,8,11600,1061,1061,18,2
Jam-1,8,11544,1054,1054,25,2
Jam-1,8,11566,1057,1057,22,2
Jam-1,8,11689,1072,1072,7,2
Jam-1,8,11536,1053,1053,26,2
Jam-1,8,11553,1055,1055,24,2
Jam-1,8,11601,1061,1061,18,2
Jam-1,8,11528,1052,1052,27,2
Jam-1,8,11561,1056,1056,23,2
Jam-1,8,11543,1054,1054,25,2
Jam-1,8,11528,1052,1052,27,2
Jam-1,8,11544,1054,1054,25,2
Jam-1,8,11520,1051,1051,28,2
Jam-1,8,11520,1051,1051,28,2
Jam-1,8,11555,1055,1055,24,2
Jam-1,8,11562,1056,1056,23,2
Jam-1,8,11663,1069,1069,10,2
Jam-1,8,11603,1061,1061,18,2
Jam-1,8,11600,1061,1061,18,2
Jam-1,8,11576,1058,1058,21,2
Jam-1,8,11520,1051,1051,28,2
Jam-1,8,11554,1055,1055,24,2
Jam-1,8,11578,1058,1058,21,2
Jam-1,8,11569,1057,1057,22,2
Jam-1,8,11552,1055,1055,24,2
Jam-1,8,11520,1051,1051,28,2
Jam-1,8,11645,1066,1066,13,2
Jam-1,8,11520,1051,1051,28,2
Jam-1,8,11559,1056,1056,23,2
Jam-1,8,11520,1051,1051,28,2
Jam-1,8,11537,1053,1053,26,2
Jam-1,8,11546,1054,1054,25,2
Jam-1,8,11574,1058,1058,21,2
Jam-1,8,11545,1054,1054,25,2
Jam-1,8,11543,1054,1054,25,2
Jam-1,8,11619,1063,1063,16,2
Jam-1,8,11562,1056,1056,23,2
Jam-1,8,11581,1059,1059,20,2
Jam-1,8,11545,1054,1054,25,2
Jam-1,8,11569,1057,1057,22,2
Jam-1,8,11583,1059,1059,20,2
Jam-1,8,11609,1062,1062,17,2
Jam-1,8,11591,1060,1060,19,2
Jam-11,25,6779,816,816,27,2
Jam-11,25,6651,800,800,45,2
Jam-11,25,6776,814,814,38,2
Jam-11,25,6651,800,800,42,2
Jam-11,25,6648,800,800,41,2
Jam-11,25,6742,813,813,42,2
Jam-11,25,6645,799,799,43,2
Jam-11,25,6885,829,829,28,2
Jam-11,25,6753,812,812,42,2
Jam-11,25,6883,828,828,27,2
Jam-11,25,6860,825,825,31,2
Jam-11,25,6641,798,798,43,2
Jam-11,25,6781,815,815,30,2
Jam-11,25,6804,820,820,37,2
Jam-11,25,6853,825,825,32,2
Jam-11,25,6645,800,800,51,2
Jam-11,25,6825,820,820,29,2
Jam-11,25,6786,817,817,30,2
Jam-11,25,6824,820,820,30,2
Jam-11,25,6830,821,821,36,2
Jam-11,25,6683,805,805,43,2
Jam-11,25,6653,801,801,44,2
Jam-11,25,6780,816,816,40,2
Jam-11,25,6774,814,814,37,2
Jam-11,25,6909,831,831,26,2
Jam-11,25,6597,793,793,46,2
Jam-11,25,6681,804,804,44,2
Jam-11,25,6776,815,815,40,2
Jam-11,25,6780,816,816,39,2
Jam-11,25,6874,827,827,26,2
Jam-11,25,6771,816,816,35,2
Jam-11,25,6661,800,800,42,2
Jam-11,25,6862,827,827,27,2
Jam-11,25,6825,822,822,35,2
Jam-11,25,6640,800,800,44,2
Jam-11,25,6699,806,806,38,2
Jam-11,25,6590,792,792,45,2
Jam-11,25,6740,810,810,38,2
Jam-11,25,6758,812,812,41,2
Jam-11,25,6665,802,802,43,2
Jam-11,25,6606,794,794,47,2
Jam-11,25,6805,818,818,35,2
Jam-11,25,6616,795,795,46,2
Jam-11,25,6695,806,806,42,2
Jam-11,25,6665,801,801,48,2
Jam-11,25,6626,796,796,44,2
Jam-11,25,6691,805,805,45,2
Jam-11,25,6657,801,801,44,2
Jam-11,25,6713,808,808,46,2
Jam-11,25,6888,829,829,25,2
Jam-11,25,6729,809,809,44,2
Jam-11,25,6608,794,794,45,2
Jam-11,25,6651,799,799,38,2
Jam-11,25,6774,816,816,41,2
Jam-11,25,6783,815,815,27,2
Jam-11,25,6629,797,797,49,2
Jam-11,25,6668,802,802,44,2
Jam-11,25,6714,807,807,44,2
Jam-11,25,6665,801,801,40,2
Jam-11,25,6726,809,809,36,2
Jam-11,25,6797,818,818,38,2
Jam-11,25,6625,796,796,47,2
Jam-11,25,6642,798,798,42,2
Jam-11,25,6649,799,799,47,2
Jam-11,25,6677,802,802,45,2
Jam-11,25,6590,792,792,45,2
Jam-11,25,6732,811,811,32,2
Jam-11,25,6871,827,827,30,2
Jam-11,25,6750,812,812,43,2
Jam-11,25,6703,806,806,40,2
Jam-11,25,6598,793,793,44,2
Jam-11,25,6884,829,829,28,2
Jam-11,25,6747,811,811,35,2
Jam-11,25,6926,834,834,23,2
Jam-11,25,6736,809,809,36,2
Jam-11,25,6612,795,795,45,2
Jam-11,25,6636,798,798,45,2
Jam-11,25,6812,821,821,28,2
Jam-11,25,6590,792,792,45,2
Jam-11,25,6599,793,793,44,2
Jam-11,25,6781,816,816,39,2
Jam-11,25,6614,795,795,50,2
Jam-11,25,6748,811,811,38,2
Jam-11,25,6880,829,829,25,2
Jam-11,25,6599,793,793,44,2
Jam-11,25,6705,806,806,35,2
Jam-11,25,6644,799,799,43,2
Jam-11,25,6616,796,796,43,2
Jam-11,25,6615,795,795,43,2
Jam-11,25,6823,821,821,29,2
Jam-11,25,6636,798,798,47,2
Jam-11,25,6655,800,800,50,2
Jam-11,25,6625,796,796,44,2
Jam-11,25,6656,800,800,41,2
Jam-11,25,6897,831,831,23,2
Jam-11,25,6703,805,805,39,2
Jam-11,25,6629,798,798,41,2
Jam-11,25,6782,816,816,36,2
Jam-11,25,6764,814,814,32,2
Jam-11,25,6772,813,813,34,2
Jam-12,17,11649,1267,1267,63,2
Jam-12,17,11649,1267,1267,63,2
Jam-12,17,11649,1267,1267,63,2
Jam-12,17,11655,1268,1268,62,2
Jam-12,17,11649,1267,1267,63,2
Jam-12,17,11649,1267,1267,63,2
Jam-12,17,11649,1267,1267,63,2
Jam-12,17,11659,1269,1269,61,2
Jam-12,17,11659,1269,1269,61,2
Jam-12,17,11649,1267,1267,63,2
Jam-12,17,11649,1267,1267,63,2
Jam-12,17,11649,1267,1267,63,2
Jam-12,17,11649,1267,1267,63,2
Jam-12,17,11649,1267,1267,63,2
Jam-12,17,11649,1267,1267,63,2
Jam-12,17,11649,1267,1267,63,2
Jam-12,17,11656,1268,1268,62,2
Jam-12,17,11649,1267,1267,63,2
Jam-12,17,11660,1269,1269,61,2
Jam-12,17,11654,1268,1268,62,2
Jam-12,17,11649,1267,1267,63,2
Jam-12,17,11655,1268,1268,62,2
Jam-12,17,11655,1268,1268,62,2
Jam-12,17,11649,1267,1267,63,2
Jam-12,17,11671,1271,1271,59,2
Jam-12,17,11655,1268,1268,62,2
Jam-12,17,11649,1267,1267,63,2
Jam-12,17,11649,1267,1267,63,2
Jam-12,17,11661,1269,1269,61,2
Jam-12,17,11660,1269,1269,61,2
Jam-12,17,11649,1267,1267,63,2
Jam-12,17,11649,1267,1267,63,2
Jam-12,17,11654,1268,1268,62,2
Jam-12,17,11689,1274,1274,56,2
Jam-12,17,11649,1267,1267,63,2
Jam-12,17,11694,1275,1275,55,2
Jam-12,17,11649,1267,1267,63,2
Jam-12,17,11664,1270,1270,60,2
Jam-12,17,11649,1267,1267,63,2
Jam-12,17,11672,1271,1271,59,2
Jam-12,17,11654,1268,1268,62,2
Jam-12,17,11656,1268,1268,62,2
Jam-12,17,11649,1267,1267,63,2
Jam-12,17,11649,1267,1267,63,2
Jam-12,17,11665,1270,1270,60,2
Jam-12,17,11649,1267,1267,63,2
Jam-12,17,11655,1268,1268,62,2
Jam-12,17,11649,1267,1267,63,2
Jam-12,17,11649,1267,1267,63,2
Jam-12,17,11655,1268,1268,62,2
Jam-12,17,11654,1268,1268,62,2
Jam-12,17,11654,1268,1268,62,2
Jam-12,17,11649,1267,1267,63,2
Jam-12,17,11672,1271,1271,59,2
Jam-12,17,11655,1268,1268,62,2
Jam-12,17,11720,1279,1279,51,2
Jam-12,17,11649,1267,1267,63,2
Jam-12,17,11685,1273,1273,57,2
Jam-12,17,11655,1268,1268,62,2
Jam-12,17,11649,1267,1267,63,2
Jam-12,17,11661,1269,1269,61,2
Jam-12,17,11661,1269,1269,61,2
Jam-12,17,11649,1267,1267,63,2
Jam-12,17,11676,1272,1272,58,2
Jam-12,17,11649,1267,1267,63,2
Jam-12,17,11655,1268,1268,62,2
Jam-12,17,11660,1269,1269,61,2
Jam-12,17,11712,1278,1278,52,2
Jam-12,17,11649,1267,1267,63,2
Jam-12,17,11649,1267,1267,63,2
Jam-12,17,11669,1271,1271,59,2
Jam-12,17,11649,1267,1267,63,2
Jam-12,17,11660,1269,1269,61,2
Jam-12,17,11656,1268,1268,62,2
Jam-12,17,11674,1271,1271,59,2
Jam-12,17,11649,1267,1267,63,2
Jam-12,17,11649,1267,1267,63,2
Jam-12,17,11661,1269,1269,61,2
Jam-12,17,11649,1267,1267,63,2
Jam-12,17,11728,1281,1281,49,2
Jam-12,17,11661,1269,1269,61,2
Jam-12,17,11649,1267,1267,63,2
Jam-12,17,11655,1268,1268,62,2
Jam-12,17,11649,1267,1267,63,2
Jam-12,17,11666,1270,1270,60,2
Jam-12,17,11649,1267,1267,63,2
Jam-12,17,11649,1267,1267,63,2
Jam-12,17,11649,1267,1267,63,2
Jam-12,17,11649,1267,1267,63,2
Jam-12,17,11667,1270,1270,60,2
Jam-12,17,11649,1267,1267,63,2
Jam-12,17,11649,1267,1267,63,2
Jam-12,17,11649,1267,1267,63,2
Jam-12,17,11676,1272,1272,58,2
Jam-12,17,11649,1267,1267,63,2
Jam-12,17,11655,1268,1268,62,2
Jam-12,17,11661,1269,1269,61,2
Jam-12,17,11649,1267,1267,63,2
Jam-12,17,11649,1267,1267,63,2
Jam-12,17,11649,1267,1267,63,2
Jam-13,16,73945,8095,8095,1044,2
Jam-13,16,73868,8102,8102,1300,2
Jam-13,16,72844,7993,7993,1324,2
Jam-13,16,70224,7726,7726,1345,2
Jam-13,16,68336,7537,7537,1232,2
Jam-13,16,73178,8030,8030,1324,2
Jam-13,16,73184,8022,8022,1317,2
Jam-13,16,75993,8309,8309,1159,2
Jam-13,16,74816,8192,8192,1257,2
Jam-13,16,70305,7749,7749,1312,2
Jam-13,16,66734,7380,7380,1109,2
Jam-13,16,76585,8369,8369,1153,2
Jam-13,16,72107,7922,7922,1320,2
Jam-13,16,70008,7714,7714,1300,2
Jam-13,16,69416,7659,7659,1307,2
Jam-13,16,66767,7382,7382,1104,2
Jam-13,16,76288,8347,8347,1106,2
Jam-13,16,72048,7926,7926,1333,2
Jam-13,16,69529,7660,7660,1270,2
Jam-13,16,72940,7989,7989,1348,2
Jam-13,16,66841,7386,7386,1099,2
Jam-13,16,76788,8398,8398,1134,2
Jam-13,16,67513,7451,7451,1189,2
Jam-13,16,70633,7777,7777,1373,2
Jam-13,16,76115,8321,8321,1148,2
Jam-13,16,69697,7676,7676,1354,2
Jam-13,16,74482,8151,8151,1271,2
Jam-13,16,67094,7415,7415,1140,2
Jam-13,16,76307,8342,8342,1165,2
Jam-13,16,68483,7551,7551,1340,2
Jam-13,16,75404,8246,8246,1205,2
Jam-13,16,77321,8444,8444,1088,2
Jam-13,16,73916,8102,8102,1328,2
Jam-13,16,77409,8455,8455,1086,2
Jam-13,16,67021,7411,7411,1151,2
Jam-13,16,75307,8240,8240,1186,2
Jam-13,16,73887,8100,8100,1274,2
Jam-13,16,77156,8429,8429,1099,2
Jam-13,16,68697,7573,7573,1310,2
Jam-13,16,71154,7823,7823,1295,2
Jam-13,16,69396,7650,7650,1346,2
Jam-13,16,73383,8060,8060,1277,2
Jam-13,16,70629,7781,7781,1295,2
Jam-13,16,75408,8257,8257,1222,2
Jam-13,16,73051,8026,8026,1261,2
Jam-13,16,74832,8197,8197,1264,2
Jam-13,16,71211,7825,7825,1330,2
Jam-13,16,68795,7591,7591,1258,2
Jam-13,16,74464,8162,8162,1263,2
Jam-13,16,69485,7663,7663,1277,2
Jam-13,16,75806,8298,8298,1199,2
Jam-13,16,68634,7570,7570,1310,2
Jam-13,16,71350,7840,7840,1378,2
Jam-13,16,66826,7387,7387,1122,2
Jam-13,16,76368,8354,8354,1173,2
Jam-13,16,69334,7633,7633,1303,2
Jam-13,16,75638,8279,8279,1169,2
Jam-13,16,71124,7820,7820,1259,2
Jam-13,16,69436,7646,7646,1362,2
Jam-13,16,69635,7668,7668,1334,2
Jam-13,16,67584,7466,7466,1186,2
Jam-13,16,71654,7877,7877,1408,2
Jam-13,16,76409,8357,8357,1155,2
Jam-13,16,77278,8440,8440,1097,2
Jam-13,16,69376,7645,7645,1323,2
Jam-13,16,71700,7882,7882,1347,2
Jam-13,16,68977,7606,7606,1243,2
Jam-13,16,74507,8158,8158,1260,2
Jam-13,16,77327,8446,8446,1086,2
Jam-13,16,73056,8016,8016,1320,2
Jam-13,16,72206,7928,7928,1255,2
Jam-13,16,76120,8326,8326,1179,2
Jam-13,16,68619,7568,7568,1217,2
Jam-13,16,67386,7443,7443,1178,2
Jam-13,16,68819,7586,7586,1273,2
Jam-13,16,70954,7794,7794,1325,2
Jam-13,16,69718,7681,7681,1294,2
Jam-13,16,66796,7384,7384,1104,2
Jam-13,16,70297,7747,7747,1179,2
Jam-13,16,72176,7926,7926,1370,2
Jam-13,16,69406,7650,7650,1333,2
Jam-13,16,73258,8026,8026,1362,2
Jam-13,16,77410,8455,8455,1086,2
Jam-13,16,66657,7370,7370,1092,2
Jam-13,16,71742,7874,7874,1312,2
Jam-13,16,76424,8352,8352,1150,2
Jam-13,16,69089,7602,7602,1347,2
Jam-13,16,70819,7795,7795,1356,2
Jam-13,16,66865,7392,7392,1116,2
Jam-13,16,76234,8337,8337,1124,2
Jam-13,16,68386,7543,7543,1329,2
Jam-13,16,76984,8414,8414,1107,2
Jam-13,16,72204,7939,7939,1319,2
Jam-13,16,75856,8304,8304,1208,2
Jam-13,16,73678,8081,8081,1303,2
Jam-13,16,75242,8231,8231,1238,2
Jam-13,16,70527,7762,7762,1370,2
Jam-13,16,74524,8162,8162,1245,2
Jam-13,16,76810,8392,8392,1115,2
Jam-13,16,75678,8281,8281,1208,2
Jam-14,17,122872,10416,10416,4249,2
Jam-14,17,98975,8566,8566,4488,2
Jam-14,17,96111,8341,8341,3997,2
Jam-14,17,92905,8089,8089,3387,2
Jam-14,17,93884,8166,8166,3605,2
Jam-14,17,98001,8491,8491,4186,2
Jam-14,17,94147,8187,8187,3613,2
Jam-14,17,93705,8146,8146,3517,2
Jam-14,17,93528,8137,8137,3535,2
Jam-14,17,94972,8248,8248,3835,2
Jam-14,17,105653,9088,9088,4948,2
Jam-14,17,96695,8390,8390,3998,2
Jam-14,17,93062,8102,8102,3429,2
Jam-14,17,93023,8099,8099,3426,2
Jam-14,17,94043,8182,8182,3574,2
Jam-14,17,95070,8257,8257,3808,2
Jam-14,17,93390,8124,8124,3439,2
Jam-14,17,95489,8295,8295,3830,2
Jam-14,17,94399,8208,8208,3624,2
Jam-14,17,101293,8756,8756,4671,2
Jam-14,17,97973,8477,8477,4244,2
Jam-14,17,98056,8493,8493,4285,2
Jam-14,17,94442,8210,8210,3656,2
Jam-14,17,100044,8645,8645,4557,2
Jam-14,17,95825,8323,8323,3932,2
Jam-14,17,93131,8105,8105,3457,2
Jam-14,17,92989,8094,8094,3412,2
Jam-14,17,95342,8282,8282,3774,2
Jam-14,17,94600,8225,8225,3639,2
Jam-14,17,93374,8125,8125,3459,2
Jam-14,17,95196,8273,8273,3729,2
Jam-14,17,94169,8187,8187,3714,2
Jam-14,17,96008,8333,8333,4017,2
Jam-14,17,93394,8123,8123,3503,2
Jam-14,17,101094,8737,8737,4246,2
Jam-14,17,99820,8634,8634,4474,2
Jam-14,17,95392,8285,8285,3644,2
Jam-14,17,97311,8434,8434,4162,2
Jam-14,17,95265,8271,8271,3842,2
Jam-14,17,93175,8105,8105,3474,2
Jam-14,17,99666,8635,8635,4411,2
Jam-14,17,100828,8718,8718,4548,2
Jam-14,17,96110,8343,8343,3814,2
Jam-14,17,97498,8451,8451,4207,2
Jam-14,17,94108,8185,8185,3587,2
Jam-14,17,93889,8166,8166,3555,2
Jam-14,17,92948,8093,8093,3373,2
Jam-14,17,98032,8496,8496,4320,2
Jam-14,17,100771,8720,8720,4085,2
Jam-14,17,95388,8300,8300,3669,2
Jam-14,17,96383,8360,8360,3988,2
Jam-14,17,98143,8503,8503,4167,2
Jam-14,17,98951,8568,8568,4397,2
Jam-14,17,94048,8179,8179,3535,2
Jam-14,17,96163,8339,8339,3991,2
Jam-14,17,94471,8214,8214,3791,2
Jam-14,17,96100,8340,8340,4035,2
Jam-14,17,93130,8107,8107,3409,2
Jam-14,17,96428,8373,8373,4061,2
Jam-14,17,93189,8110,8110,3450,2
Jam-14,17,99581,8609,8609,4062,2
Jam-14,17,92914,8088,8088,3409,2
Jam-14,17,93981,8173,8173,3644,2
Jam-14,17,95003,8253,8253,3742,2
Jam-14,17,95042,8256,8256,3919,2
Jam-14,17,94600,8224,8224,3669,2
Jam-14,17,93733,8147,8147,3602,2
Jam-14,17,97739,8467,8467,4215,2
Jam-14,17,93733,8156,8156,3595,2
Jam-14,17,93814,8164,8164,3588,2
Jam-14,17,97764,8467,8467,3982,2
Jam-14,17,95483,8288,8288,3774,2
Jam-14,17,95553,8290,8290,3846,2
Jam-14,17,93691,8151,8151,3521,2
Jam-14,17,95373,8284,8284,3781,2
Jam-14,17,103884,8946,8946,4872,2
Jam-14,17,92789,8080,8080,3361,2
Jam-14,17,96963,8393,8393,4001,2
Jam-14,17,93418,8127,8127,3489,2
Jam-14,17,92962,8092,8092,3372,2
Jam-14,17,101029,8710,8710,4308,2
Jam-14,17,92892,8091,8091,3380,2
Jam-14,17,94659,8228,8228,3741,2
Jam-14,17,93985,8175,8175,3644,2
Jam-14,17,94430,8219,8219,3569,2
Jam-14,17,109947,9419,9419,5122,2
Jam-14,17,93752,8151,8151,3567,2
Jam-14,17,99557,8603,8603,4478,2
Jam-14,17,95262,8274,8274,3786,2
Jam-14,17,97567,8451,8451,4254,2
Jam-14,17,94943,8246,8246,3791,2
Jam-14,17,94639,8227,8227,3708,2
Jam-14,17,104605,9008,9008,5006,2
Jam-14,17,93516,8137,8137,3583,2
Jam-14,17,92788,8079,8079,3369,2
Jam-14,17,93909,8168,8168,3592,2
Jam-14,17,94583,8220,8220,3659,2
Jam-14,17,95779,8318,8318,3843,2
Jam-14,17,104246,8973,8973,4922,2
Jam-14,17,111671,9561,9561,5496,2
Jam-15,23,3187,524,524,6,2
Jam-15,23,3187,524,524,6,2
Jam-15,23,3173,521,521,4,2
Jam-15,23,3177,522,522,5,2
Jam-15,23,3183,523,523,6,2
Jam-15,23,3173,521,521,4,2
Jam-15,23,3178,522,522,6,2
Jam-15,23,3178,522,522,5,2
Jam-15,23,3173,521,521,4,2
Jam-15,23,3177,522,522,5,2
Jam-15,23,3187,524,524,6,2
Jam-15,23,3182,523,523,7,2
Jam-15,23,3183,523,523,6,2
Jam-15,23,3178,522,522,5,2
Jam-15,23,3187,524,524,6,2
Jam-15,23,3187,524,524,6,2
Jam-15,23,3173,521,521,4,2
Jam-15,23,3182,523,523,7,2
Jam-15,23,3173,521,521,4,2
Jam-15,23,3183,523,523,6,2
Jam-15,23,3178,522,522,6,2
Jam-15,23,3182,523,523,7,2
Jam-15,23,3173,521,521,4,2
Jam-15,23,3178,522,522,5,2
Jam-15,23,3178,522,522,6,2
Jam-15,23,3187,524,524,6,2
Jam-15,23,3173,521,521,4,2
Jam-15,23,3178,522,522,5,2
Jam-15,23,3182,523,523,7,2
Jam-15,23,3182,523,523,7,2
Jam-15,23,3173,521,521,4,2
Jam-15,23,3187,524,524,6,2
Jam-15,23,3182,523,523,7,2
Jam-15,23,3177,522,522,5,2
Jam-15,23,3173,521,521,4,2
Jam-15,23,3173,521,521,4,2
Jam-15,23,3173,521,521,4,2
Jam-15,23,3177,522,522,5,2
Jam-15,23,3173,521,521,4,2
Jam-15,23,3173,521,521,4,2
Jam-15,23,3173,521,521,4,2
Jam-15,23,3182,523,523,7,2
Jam-15,23,3183,523,523,6,2
Jam-15,23,3182,523,523,7,2
Jam-15,23,3178,522,522,6,2
Jam-15,23,3182,523,523,7,2
Jam-15,23,3187,524,524,6,2
Jam-15,23,3182,523,523,7,2
Jam-15,23,3182,523,523,7,2
Jam-15,23,3182,523,523,7,2
Jam-15,23,3178,522,522,6,2
Jam-15,23,3173,521,521,4,2
Jam-15,23,3173,521,521,4,2
Jam-15,23,3173,521,521,4,2
Jam-15,23,3173,521,521,4,2
Jam-15,23,3187,524,524,6,2
Jam-15,23,3187,524,524,6,2
Jam-15,23,3178,522,522,5,2
Jam-15,23,3173,521,521,4,2
Jam-15,23,3187,524,524,6,2
Jam-15,23,3177,522,522,5,2
Jam-15,23,3178,522,522,6,2
Jam-15,23,3187,524,524,6,2
Jam-15,23,3178,522,522,6,2
Jam-15,23,3178,522,522,6,2
Jam-15,23,3178,522,522,6,2
Jam-15,23,3187,524,524,6,2
Jam-15,23,3173,521,521,4,2
Jam-15,23,3182,523,523,7,2
Jam-15,23,3182,523,523,7,2
Jam-15,23,3182,523,523,7,2
Jam-15,23,3187,524,524,6,2
Jam-15,23,3178,522,522,5,2
Jam-15,23,3187,524,524,6,2
Jam-15,23,3182,523,523,7,2
Jam-15,23,3183,523,523,6,2
Jam-15,23,3187,524,524,6,2
Jam-15,23,3182,523,523,7,2
Jam-15,23,3183,523,523,6,2
Jam-15,23,3187,524,524,6,2
Jam-15,23,3178,522,522,6,2
Jam-15,23,3183,523,523,6,2
Jam-15,23,3173,521,521,4,2
Jam-15,23,3187,524,524,6,2
Jam-15,23,3177,522,522,5,2
Jam-15,23,3187,524,524,6,2
Jam-15,23,3187,524,524,6,2
Jam-15,23,3187,524,524,6,2
Jam-15,23,3178,522,522,5,2
Jam-15,23,3187,524,524,6,2
Jam-15,23,3187,524,524,6,2
Jam-15,23,3183,523,523,6,2
Jam-15,23,3183,523,523,6,2
Jam-15,23,3182,523,523,7,2
Jam-15,23,3182,523,523,7,2
Jam-15,23,3182,523,523,7,2
Jam-15,23,3177,522,522,5,2
Jam-15,23,3173,521,521,4,2
Jam-15,23,3187,524,524,6,2
Jam-15,23,3173,521,521,4,2
Jam-16,21,23333,2537,2537,378,2
Jam-16,21,22701,2467,2467,437,2
Jam-16,21,23587,2568,2568,353,2
Jam-16,21,21203,2320,2320,388,2
Jam-16,21,23225,2526,2526,386,2
Jam-16,21,20689,2258,2258,364,2
Jam-16,21,21415,2330,2330,445,2
Jam-16,21,21100,2296,2296,372,2
Jam-16,21,21308,2322,2322,427,2
Jam-16,21,20801,2267,2267,388,2
Jam-16,21,21741,2374,2374,430,2
Jam-16,21,21213,2313,2313,398,2
Jam-16,21,22229,2421,2421,433,2
Jam-16,21,23517,2562,2562,361,2
Jam-16,21,22808,2488,2488,413,2
Jam-16,21,22562,2454,2454,429,2
Jam-16,21,23505,2559,2559,361,2
Jam-16,21,21536,2343,2343,457,2
Jam-16,21,21260,2319,2319,422,2
Jam-16,21,21358,2324,2324,403,2
Jam-16,21,20648,2253,2253,344,2
Jam-16,21,21760,2371,2371,436,2
Jam-16,21,22074,2400,2400,428,2
Jam-16,21,21458,2339,2339,421,2
Jam-16,21,21776,2377,2377,442,2
Jam-16,21,21438,2341,2341,407,2
Jam-16,21,21462,2342,2342,408,2
Jam-16,21,20845,2271,2271,368,2
Jam-16,21,22331,2434,2434,436,2
Jam-16,21,22741,2471,2471,440,2
Jam-16,21,21688,2364,2364,430,2
Jam-16,21,21249,2313,2313,429,2
Jam-16,21,22334,2431,2431,389,2
Jam-16,21,22230,2420,2420,427,2
Jam-16,21,20939,2280,2280,390,2
Jam-16,21,20666,2251,2251,359,2
Jam-16,21,23167,2527,2527,389,2
Jam-16,21,21110,2300,2300,419,2
Jam-16,21,21507,2344,2344,414,2
Jam-16,21,23465,2555,2555,369,2
Jam-16,21,23274,2537,2537,383,2
Jam-16,21,21929,2388,2388,452,2
Jam-16,21,23266,2534,2534,388,2
Jam-16,21,21418,2339,2339,392,2
Jam-16,21,21419,2337,2337,401,2
Jam-16,21,20747,2260,2260,374,2
Jam-16,21,22760,2482,2482,398,2
Jam-16,21,21011,2292,2292,392,2
Jam-16,21,22227,2422,2422,434,2
Jam-16,21,22791,2479,2479,417,2
Jam-16,21,22085,2412,2412,442,2
Jam-16,21,22864,2479,2479,416,2
Jam-16,21,22344,2438,2438,365,2
Jam-16,21,21807,2377,2377,453,2
Jam-16,21,22136,2410,2410,422,2
Jam-16,21,21415,2334,2334,436,2
Jam-16,21,21304,2327,2327,415,2
Jam-16,21,22232,2429,2429,402,2
Jam-16,21,23259,2538,2538,373,2
Jam-16,21,21878,2388,2388,413,2
Jam-16,21,20639,2252,2252,356,2
Jam-16,21,23060,2513,2513,398,2
Jam-16,21,21567,2345,2345,462,2
Jam-16,21,22608,2466,2466,388,2
Jam-16,21,22964,2494,2494,419,2
Jam-16,21,20770,2267,2267,343,2
Jam-16,21,22250,2425,2425,402,2
Jam-16,21,20779,2260,2260,373,2
Jam-16,21,23454,2556,2556,355,2
Jam-16,21,22914,2495,2495,413,2
Jam-16,21,20917,2280,2280,427,2
Jam-16,21,21189,2314,2314,368,2
Jam-16,21,23015,2505,2505,373,2
Jam-16,21,22394,2445,2445,426,2
Jam-16,21,21362,2331,2331,411,2
Jam-16,21,21072,2297,2297,390,2
Jam-16,21,22852,2486,2486,423,2
Jam-16,21,21242,2316,2316,396,2
Jam-16,21,21241,2313,2313,397,2
Jam-16,21,21320,2329,2329,415,2
Jam-16,21,21175,2309,2309,408,2
Jam-16,21,23082,2508,2508,398,2
Jam-16,21,22159,2415,2415,439,2
Jam-16,21,22708,2474,2474,410,2
Jam-16,21,22944,2501,2501,393,2
Jam-16,21,21252,2317,2317,419,2
Jam-16,21,21257,2313,2313,441,2
Jam-16,21,22798,2484,2484,417,2
Jam-16,21,23004,2509,2509,404,2
Jam-16,21,20589,2246,2246,354,2
Jam-16,21,20711,2258,2258,375,2
Jam-16,21,20811,2266,2266,403,2
Jam-16,21,22055,2404,2404,431,2
Jam-16,21,20976,2281,2281,438,2
Jam-16,21,20641,2251,2251,346,2
Jam-16,21,23529,2562,2562,357,2
Jam-16,21,22288,2427,2427,443,2
Jam-16,21,21084,2304,2304,377,2
Jam-16,21,23041,2508,2508,403,2
Jam-16,21,21920,2393,2393,445,2
Jam-17,24,19670,2108,2108,51,2
Jam-17,24,19552,2093,2093,64,2
Jam-17,24,19525,2090,2090,59,2
Jam-17,24,19530,2090,2090,61,2
Jam-17,24,19615,2104,2104,58,2
Jam-17,24,19689,2112,2112,56,2
Jam-17,24,19668,2111,2111,65,2
Jam-17,24,19534,2091,2091,63,2
Jam-17,24,19608,2100,2100,55,2
Jam-17,24,19534,2091,2091,60,2
Jam-17,24,19621,2103,2103,71,2
Jam-17,24,19562,2094,2094,57,2
Jam-17,24,19624,2105,2105,63,2
Jam-17,24,19538,2092,2092,62,2
Jam-17,24,19560,2095,2095,67,2
Jam-17,24,19653,2108,2108,63,2
Jam-17,24,19799,2126,2126,62,2
Jam-17,24,19596,2101,2101,63,2
Jam-17,24,19660,2108,2108,65,2
Jam-17,24,19536,2091,2091,60,2
Jam-17,24,19648,2108,2108,59,2
Jam-17,24,19709,2115,2115,66,2
Jam-17,24,19724,2117,2117,68,2
Jam-17,24,19627,2103,2103,57,2
Jam-17,24,19788,2125,2125,55,2
Jam-17,24,19520,2089,2089,59,2
Jam-17,24,19549,2093,2093,70,2
Jam-17,24,19659,2109,2109,56,2
Jam-17,24,19539,2092,2092,58,2
Jam-17,24,19520,2089,2089,59,2
Jam-17,24,19741,2117,2117,55,2
Jam-17,24,19541,2092,2092,61,2
Jam-17,24,19635,2106,2106,60,2
Jam-17,24,19520,2089,2089,59,2
Jam-17,24,19544,2093,2093,63,2
Jam-17,24,19594,2101,2101,62,2
Jam-17,24,19582,2097,2097,57,2
Jam-17,24,19555,2095,2095,65,2
Jam-17,24,19642,2106,2106,61,2
Jam-17,24,19558,2094,2094,58,2
Jam-17,24,19581,2097,2097,63,2
Jam-17,24,19594,2099,2099,68,2
Jam-17,24,19537,2091,2091,61,2
Jam-17,24,19659,2108,2108,69,2
Jam-17,24,19520,2089,2089,59,2
Jam-17,24,19739,2118,2118,62,2
Jam-17,24,19695,2113,2113,57,2
Jam-17,24,19600,2101,2101,68,2
Jam-17,24,19540,2092,2092,63,2
Jam-17,24,19537,2091,2091,57,2
Jam-17,24,19525,2090,2090,60,2
Jam-17,24,19536,2091,2091,65,2
Jam-17,24,19548,2093,2093,62,2
Jam-17,24,19567,2095,2095,63,2
Jam-17,24,19659,2109,2109,65,2
Jam-17,24,19592,2098,2098,69,2
Jam-17,24,19568,2096,2096,64,2
Jam-17,24,19602,2101,2101,62,2
Jam-17,24,19632,2103,2103,61,2
Jam-17,24,19622,2102,2102,66,2
Jam-17,24,19546,2092,2092,63,2
Jam-17,24,19570,2096,2096,56,2
Jam-17,24,19527,2090,2090,58,2
Jam-17,24,19723,2117,2117,55,2
Jam-17,24,19546,2092,2092,60,2
Jam-17,24,19617,2102,2102,55,2
Jam-17,24,19584,2099,2099,51,2
Jam-17,24,19619,2102,2102,65,2
Jam-17,24,19848,2132,2132,50,2
Jam-17,24,19527,2090,2090,58,2
Jam-17,24,19661,2109,2109,64,2
Jam-17,24,19672,2111,2111,62,2
Jam-17,24,19554,2093,2093,57,2
Jam-17,24,19524,2090,2090,60,2
Jam-17,24,19757,2123,2123,61,2
Jam-17,24,19776,2124,2124,63,2
Jam-17,24,19551,2093,2093,55,2
Jam-17,24,19717,2117,2117,59,2
Jam-17,24,19618,2103,2103,69,2
Jam-17,24,19671,2109,2109,69,2
Jam-17,24,19692,2112,2112,58,2
Jam-17,24,19532,2091,2091,59,2
Jam-17,24,19520,2089,2089,59,2
Jam-17,24,19657,2108,2108,60,2
Jam-17,24,19667,2109,2109,64,2
Jam-17,24,19553,2094,2094,63,2
Jam-17,24,19520,2089,2089,59,2
Jam-17,24,19674,2112,2112,55,2
Jam-17,24,19549,2093,2093,67,2
Jam-17,24,19624,2103,2103,56,2
Jam-17,24,19613,2100,2100,67,2
Jam-17,24,19543,2092,2092,60,2
Jam-17,24,19534,2091,2091,57,2
Jam-17,24,19652,2109,2109,59,2
Jam-17,24,19570,2095,2095,61,2
Jam-17,24,19648,2106,2106,62,2
Jam-17,24,19559,2094,2094,62,2
Jam-17,24,19618,2102,2102,68,2
Jam-17,24,19675,2108,2108,63,2
Jam-17,24,19661,2110,2110,62,2
Jam-18,25,13905,1586,1586,48,2
Jam-18,25,13618,1550,1550,51,2
Jam-18,25,13757,1567,1567,57,2
Jam-18,25,13784,1571,1571,45,2
Jam-18,25,13663,1557,1557,54,2
Jam-18,25,13740,1565,1565,55,2
Jam-18,25,13842,1578,1578,50,2
Jam-18,25,13763,1569,1569,48,2
Jam-18,25,13729,1564,1564,54,2
Jam-18,25,13715,1564,1564,57,2
Jam-18,25,13813,1574,1574,57,2
Jam-18,25,13869,1581,1581,51,2
Jam-18,25,13869,1581,1581,52,2
Jam-18,25,13737,1564,1564,42,2
Jam-18,25,13630,1551,1551,48,2
Jam-18,25,13835,1577,1577,53,2
Jam-18,25,13792,1573,1573,58,2
Jam-18,25,13884,1583,1583,48,2
Jam-18,25,13892,1584,1584,50,2
Jam-18,25,13585,1547,1547,48,2
Jam-18,25,13681,1558,1558,55,2
Jam-18,25,13721,1562,1562,47,2
Jam-18,25,13580,1546,1546,46,2
Jam-18,25,13763,1567,1567,52,2
Jam-18,25,13646,1554,1554,58,2
Jam-18,25,13831,1576,1576,50,2
Jam-18,25,13742,1567,1567,50,2
Jam-18,25,13664,1555,1555,53,2
Jam-18,25,13585,1546,1546,43,2
Jam-18,25,13792,1572,1572,58,2
Jam-18,25,13872,1582,1582,52,2
Jam-18,25,13592,1548,1548,47,2
Jam-18,25,13879,1583,1583,45,2
Jam-18,25,13886,1583,1583,50,2
Jam-18,25,13569,1544,1544,43,2
Jam-18,25,13840,1578,1578,43,2
Jam-18,25,13725,1564,1564,53,2
Jam-18,25,13819,1575,1575,57,2
Jam-18,25,13796,1572,1572,42,2
Jam-18,25,13802,1574,1574,47,2
Jam-18,25,13845,1578,1578,49,2
Jam-18,25,13569,1544,1544,43,2
Jam-18,25,13731,1564,1564,58,2
Jam-18,25,13763,1569,1569,48,2
Jam-18,25,13721,1563,1563,51,2
Jam-18,25,13647,1553,1553,60,2
Jam-18,25,13569,1544,1544,43,2
Jam-18,25,13669,1556,1556,53,2
Jam-18,25,13616,1550,1550,47,2
Jam-18,25,13595,1548,1548,51,2
Jam-18,25,13767,1569,1569,63,2
Jam-18,25,13807,1573,1573,46,2
Jam-18,25,13882,1583,1583,45,2
Jam-18,25,13691,1559,1559,50,2
Jam-18,25,13747,1565,1565,62,2
Jam-18,25,13693,1561,1561,57,2
Jam-18,25,13578,1545,1545,43,2
Jam-18,25,13689,1558,1558,52,2
Jam-18,25,13732,1564,1564,56,2
Jam-18,25,13755,1567,1567,59,2
Jam-18,25,13595,1547,1547,50,2
Jam-18,25,13622,1551,1551,59,2
Jam-18,25,13865,1580,1580,53,2
Jam-18,25,13627,1552,1552,50,2
Jam-18,25,13692,1559,1559,58,2
Jam-18,25,13776,1570,1570,60,2
Jam-18,25,13711,1562,1562,60,2
Jam-18,25,13888,1583,1583,50,2
Jam-18,25,13569,1544,1544,43,2
Jam-18,25,13872,1582,1582,46,2
Jam-18,25,13703,1559,1559,59,2
Jam-18,25,13875,1582,1582,46,2
Jam-18,25,13619,1551,1551,56,2
Jam-18,25,13905,1586,1586,48,2
Jam-18,25,13752,1567,1567,61,2
Jam-18,25,13834,1576,1576,53,2
Jam-18,25,13611,1549,1549,48,2
Jam-18,25,13884,1582,1582,51,2
Jam-18,25,13709,1562,1562,58,2
Jam-18,25,13598,1548,1548,48,2
Jam-18,25,13828,1576,1576,50,2
Jam-18,25,13606,1549,1549,58,2
Jam-18,25,13752,1567,1567,48,2
Jam-18,25,13714,1562,1562,49,2
Jam-18,25,13828,1576,1576,53,2
Jam-18,25,13878,1581,1581,53,2
Jam-18,25,13725,1562,1562,55,2
Jam-18,25,13589,1546,1546,43,2
Jam-18,25,13768,1569,1569,57,2
Jam-18,25,13884,1584,1584,50,2
Jam-18,25,13604,1548,1548,53,2
Jam-18,25,13604,1549,1549,49,2
Jam-18,25,13846,1578,1578,52,2
Jam-18,25,13621,1551,1551,58,2
Jam-18,25,13714,1563,1563,51,2
Jam-18,25,13705,1561,1561,57,2
Jam-18,25,13634,1552,1552,60,2
Jam-18,25,13899,1585,1585,48,2
Jam-18,25,13755,1566,1566,58,2
Jam-18,25,13712,1562,1562,49,2
Jam-19,22,3570,483,483,46,2
Jam-19,22,3572,484,484,44,2
Jam-19,22,3587,487,487,42,2
Jam-19,22,3590,485,485,54,2
Jam-19,22,3584,485,485,49,2
Jam-19,22,3562,482,482,44,2
Jam-19,22,3562,482,482,44,2
Jam-19,22,3601,487,487,51,2
Jam-19,22,3562,482,482,44,2
Jam-19,22,3575,484,484,47,2
Jam-19,22,3619,490,490,54,2
Jam-19,22,3588,486,486,48,2
Jam-19,22,3592,486,486,52,2
Jam-19,22,3566,483,483,43,2
Jam-19,22,3562,482,482,44,2
Jam-19,22,3566,483,483,43,2
Jam-19,22,3638,491,491,58,2
Jam-19,22,3597,486,486,52,2
Jam-19,22,3607,488,488,52,2
Jam-19,22,3586,485,485,51,2
Jam-19,22,3562,482,482,44,2
Jam-19,22,3581,485,485,46,2
Jam-19,22,3613,490,490,50,2
Jam-19,22,3695,500,500,60,2
Jam-19,22,3584,485,485,49,2
Jam-19,22,3566,483,483,43,2
Jam-19,22,3640,492,492,54,2
Jam-19,22,3576,484,484,46,2
Jam-19,22,3580,484,484,50,2
Jam-19,22,3663,496,496,58,2
Jam-19,22,3568,483,483,45,2
Jam-19,22,3657,494,494,57,2
Jam-19,22,3562,482,482,44,2
Jam-19,22,3573,483,483,47,2
Jam-19,22,3575,484,484,46,2
Jam-19,22,3648,492,492,58,2
Jam-19,22,3572,483,483,48,2
Jam-19,22,3607,488,488,51,2
Jam-19,22,3562,482,482,44,2
Jam-19,22,3571,483,483,46,2
Jam-19,22,3562,482,482,44,2
Jam-19,22,3570,483,483,46,2
Jam-19,22,3596,487,487,52,2
Jam-19,22,3585,485,485,49,2
Jam-19,22,3709,500,500,69,2
Jam-19,22,3667,496,496,62,2
Jam-19,22,3592,486,486,49,2
Jam-19,22,3636,490,490,62,2
Jam-19,22,3584,485,485,48,2
Jam-19,22,3562,482,482,44,2
Jam-19,22,3609,488,488,53,2
Jam-19,22,3593,486,486,51,2
Jam-19,22,3562,482,482,44,2
Jam-19,22,3576,484,484,46,2
Jam-19,22,3568,483,483,44,2
Jam-19,22,3658,496,496,57,2
Jam-19,22,3573,484,484,45,2
Jam-19,22,3566,483,483,43,2
Jam-19,22,3578,484,484,48,2
Jam-19,22,3568,483,483,44,2
Jam-19,22,3616,489,489,52,2
Jam-19,22,3562,482,482,44,2
Jam-19,22,3562,482,482,44,2
Jam-19,22,3617,489,489,53,2
Jam-19,22,3562,482,482,44,2
Jam-19,22,3646,492,492,63,2
Jam-19,22,3590,486,486,48,2
Jam-19,22,3566,483,483,43,2
Jam-19,22,3572,483,483,48,2
Jam-19,22,3571,483,483,46,2
Jam-19,22,3570,483,483,46,2
Jam-19,22,3562,482,482,44,2
Jam-19,22,3578,484,484,48,2
Jam-19,22,3624,491,491,54,2
Jam-19,22,3562,482,482,44,2
Jam-19,22,3578,484,484,48,2
Jam-19,22,3604,488,488,51,2
Jam-19,22,3578,484,484,48,2
Jam-19,22,3608,488,488,54,2
Jam-19,22,3562,482,482,44,2
Jam-19,22,3562,482,482,44,2
Jam-19,22,3580,485,485,45,2
Jam-19,22,3648,493,493,57,2
Jam-19,22,3584,485,485,50,2
Jam-19,22,3626,491,491,54,2
Jam-19,22,3584,485,485,49,2
Jam-19,22,3562,482,482,44,2
Jam-19,22,3570,483,483,46,2
Jam-19,22,3614,489,489,54,2
Jam-19,22,3575,484,484,47,2
Jam-19,22,3590,487,487,45,2
Jam-19,22,3632,492,492,54,2
Jam-19,22,3611,490,490,47,2
Jam-19,22,3573,483,483,47,2
Jam-19,22,3602,486,486,54,2
Jam-19,22,3623,490,490,55,2
Jam-19,22,3599,486,486,54,2
Jam-19,22,3579,484,484,50,2
Jam-19,22,3641,493,493,55,2
Jam-19,22,3618,489,489,56,2
Jam-20,10,16491,1836,1836,705,2
Jam-20,10,11895,1340,1340,674,2
Jam-20,10,13488,1510,1510,794,2
Jam-20,10,12695,1423,1423,776,2
Jam-20,10,12154,1365,1365,713,2
Jam-20,10,13217,1485,1485,811,2
Jam-20,10,13697,1529,1529,811,2
Jam-20,10,12288,1382,1382,716,2
Jam-20,10,15891,1765,1765,870,2
Jam-20,10,12621,1418,1418,775,2
Jam-20,10,11895,1339,1339,678,2
Jam-20,10,12574,1417,1417,714,2
Jam-20,10,11959,1346,1346,685,2
Jam-20,10,13751,1539,1539,839,2
Jam-20,10,12356,1391,1391,716,2
Jam-20,10,12948,1452,1452,789,2
Jam-20,10,13010,1456,1456,798,2
Jam-20,10,12326,1387,1387,693,2
Jam-20,10,12040,1353,1353,694,2
Jam-20,10,12520,1409,1409,752,2
Jam-20,10,11913,1341,1341,680,2
Jam-20,10,12484,1404,1404,737,2
Jam-20,10,12125,1364,1364,710,2
Jam-20,10,14806,1649,1649,857,2
Jam-20,10,14185,1591,1591,841,2
Jam-20,10,12989,1456,1456,771,2
Jam-20,10,12089,1360,1360,705,2
Jam-20,10,11876,1337,1337,678,2
Jam-20,10,14489,1614,1614,855,2
Jam-20,10,11850,1334,1334,672,2
Jam-20,10,12406,1396,1396,701,2
Jam-20,10,13609,1530,1530,809,2
Jam-20,10,12663,1424,1424,739,2
Jam-20,10,12103,1361,1361,717,2
Jam-20,10,12870,1445,1445,787,2
Jam-20,10,11942,1344,1344,687,2
Jam-20,10,12467,1400,1400,741,2
Jam-20,10,11892,1338,1338,677,2
Jam-20,10,12136,1365,1365,694,2
Jam-20,10,12006,1351,1351,700,2
Jam-20,10,13126,1471,1471,783,2
Jam-20,10,14491,1621,1621,908,2
Jam-20,10,12443,1398,1398,743,2
Jam-20,10,12322,1384,1384,731,2
Jam-20,10,12689,1425,1425,768,2
Jam-20,10,12085,1358,1358,684,2
Jam-20,10,14127,1574,1574,838,2
Jam-20,10,11896,1339,1339,678,2
Jam-20,10,12235,1377,1377,693,2
Jam-20,10,12827,1437,1437,786,2
Jam-20,10,12667,1416,1416,757,2
Jam-20,10,12274,1377,1377,729,2
Jam-20,10,11847,1334,1334,670,2
Jam-20,10,11872,1336,1336,670,2
Jam-20,10,11840,1333,1333,668,2
Jam-20,10,12504,1405,1405,750,2
Jam-20,10,13358,1492,1492,802,2
Jam-20,10,12107,1362,1362,705,2
Jam-20,10,12854,1444,1444,786,2
Jam-20,10,12498,1404,1404,741,2
Jam-20,10,13108,1471,1471,798,2
Jam-20,10,12041,1356,1356,679,2
Jam-20,10,12693,1425,1425,805,2
Jam-20,10,12364,1386,1386,716,2
Jam-20,10,11971,1347,1347,694,2
Jam-20,10,14879,1661,1661,858,2
Jam-20,10,12764,1436,1436,766,2
Jam-20,10,12613,1415,1415,731,2
Jam-20,10,12302,1383,1383,755,2
Jam-20,10,12948,1452,1452,791,2
Jam-20,10,13486,1511,1511,823,2
Jam-20,10,12072,1357,1357,703,2
Jam-20,10,13932,1556,1556,859,2
Jam-20,10,12805,1438,1438,733,2
Jam-20,10,13004,1461,1461,800,2
Jam-20,10,11962,1348,1348,681,2
Jam-20,10,13059,1463,1463,813,2
Jam-20,10,12294,1386,1386,708,2
Jam-20,10,11922,1342,1342,675,2
Jam-20,10,13566,1520,1520,845,2
Jam-20,10,12732,1429,1429,806,2
Jam-20,10,11865,1335,1335,674,2
Jam-20,10,11890,1339,1339,675,2
Jam-20,10,12047,1355,1355,708,2
Jam-20,10,14593,1632,1632,857,2
Jam-20,10,11958,1345,1345,680,2
Jam-20,10,14019,1561,1561,833,2
Jam-20,10,12248,1380,1380,714,2
Jam-20,10,12166,1367,1367,701,2
Jam-20,10,12339,1384,1384,731,2
Jam-20,10,12000,1352,1352,704,2
Jam-20,10,13189,1474,1474,798,2
Jam-20,10,12574,1414,1414,732,2
Jam-20,10,12809,1436,1436,790,2
Jam-20,10,12003,1349,1349,690,2
Jam-20,10,11972,1348,1348,682,2
Jam-20,10,12280,1381,1381,724,2
Jam-20,10,12165,1368,1368,695,2
Jam-20,10,12422,1390,1390,730,2
Jam-20,10,12128,1364,1364,702,2
Jam-2,8,25880,2416,2416,964,2
Jam-2,8,22879,2142,2142,993,2
Jam-2,8,28545,2623,2623,1564,2
Jam-2,8,29702,2724,2724,1605,2
Jam-2,8,27036,2491,2491,1482,2
Jam-2,8,29192,2690,2690,1498,2
Jam-2,8,31722,2899,2899,1495,2
Jam-2,8,27695,2531,2531,1457,2
Jam-2,8,26749,2483,2483,1415,2
Jam-2,8,23095,2161,2161,1054,2
Jam-2,8,24630,2290,2290,1253,2
Jam-2,8,23278,2176,2176,1077,2
Jam-2,8,25955,2398,2398,1410,2
Jam-2,8,28449,2620,2620,1529,2
Jam-2,8,24367,2261,2261,1278,2
Jam-2,8,25394,2358,2358,1317,2
Jam-2,8,29959,2755,2755,1506,2
Jam-2,8,24761,2308,2308,1214,2
Jam-2,8,28750,2638,2638,1524,2
Jam-2,8,30485,2801,2801,1436,2
Jam-2,8,29665,2730,2730,1528,2
Jam-2,8,29359,2686,2686,1552,2
Jam-2,8,28219,2592,2592,1516,2
Jam-2,8,24311,2261,2261,1244,2
Jam-2,8,28058,2587,2587,1528,2
Jam-2,8,25292,2340,2340,1385,2
Jam-2,8,32536,2959,2959,1488,2
Jam-2,8,24137,2247,2247,1238,2
Jam-2,8,25977,2404,2404,1456,2
Jam-2,8,33533,3048,3048,1427,2
Jam-2,8,29740,2728,2728,1561,2
Jam-2,8,27041,2491,2491,1415,2
Jam-2,8,23761,2209,2209,1210,2
Jam-2,8,32844,2997,2997,1447,2
Jam-2,8,27868,2575,2575,1465,2
Jam-2,8,28429,2619,2619,1520,2
Jam-2,8,25109,2339,2339,1281,2
Jam-2,8,31127,2851,2851,1503,2
Jam-2,8,22970,2151,2151,1011,2
Jam-2,8,31191,2851,2851,1470,2
Jam-2,8,24899,2311,2311,1303,2
Jam-2,8,32673,2983,2983,1446,2
Jam-2,8,33166,3023,3023,1441,2
Jam-2,8,34115,3100,3100,1379,2
Jam-2,8,29565,2713,2713,1532,2
Jam-2,8,34196,3107,3107,1381,2
Jam-2,8,30596,2795,2795,1530,2
Jam-2,8,23919,2241,2241,1108,2
Jam-2,8,29884,2729,2729,1596,2
Jam-2,8,23966,2237,2237,1171,2
Jam-2,8,22763,2132,2132,993,2
Jam-2,8,30341,2774,2774,1554,2
Jam-2,8,26971,2506,2506,1387,2
Jam-2,8,32519,2970,2970,1477,2
Jam-2,8,27506,2541,2541,1484,2
Jam-2,8,23625,2202,2202,1144,2
Jam-2,8,29134,2674,2674,1593,2
Jam-2,8,28504,2627,2627,1529,2
Jam-2,8,27052,2493,2493,1431,2
Jam-2,8,25020,2331,2331,1323,2
Jam-2,8,23027,2155,2155,1032,2
Jam-2,8,31077,2827,2827,1555,2
Jam-2,8,27659,2551,2551,1498,2
Jam-2,8,29114,2665,2665,1541,2
Jam-2,8,33980,3090,3090,1395,2
Jam-2,8,30846,2821,2821,1524,2
Jam-2,8,30590,2805,2805,1521,2
Jam-2,8,33793,3069,3069,1418,2
Jam-2,8,32157,2931,2931,1515,2
Jam-2,8,26175,2429,2429,1462,2
Jam-2,8,30947,2841,2841,1530,2
Jam-2,8,32893,2991,2991,1458,2
Jam-2,8,25776,2398,2398,1277,2
Jam-2,8,30347,2773,2773,1564,2
Jam-2,8,28283,2599,2599,1525,2
Jam-2,8,25440,2356,2356,1379,2
Jam-2,8,22762,2132,2132,985,2
Jam-2,8,30285,2771,2771,1549,2
Jam-2,8,30281,2768,2768,1569,2
Jam-2,8,25317,2345,2345,1360,2
Jam-2,8,24302,2264,2264,1193,2
Jam-2,8,30712,2826,2826,1419,2
Jam-2,8,27135,2507,2507,1557,2
Jam-2,8,31908,2912,2912,1508,2
Jam-2,8,24022,2239,2239,1202,2
Jam-2,8,27846,2563,2563,1478,2
Jam-2,8,26566,2470,2470,1305,2
Jam-2,8,23508,2198,2198,1117,2
Jam-2,8,24721,2305,2305,1242,2
Jam-2,8,22931,2142,2142,1027,2
Jam-2,8,22740,2130,2130,980,2
Jam-2,8,26042,2410,2410,1480,2
Jam-2,8,23690,2211,2211,1177,2
Jam-2,8,28548,2629,2629,1484,2
Jam-2,8,33609,3054,3054,1423,2
Jam-2,8,27972,2577,2577,1522,2
Jam-2,8,27097,2507,2507,1442,2
Jam-2,8,33674,3067,3067,1410,2
Jam-2,8,29131,2661,2661,1555,2
Jam-2,8,28343,2602,2602,1547,2
Jam-21,21,1668,255,255,6,2
Jam-21,21,1662,254,254,5,2
Jam-21,21,1683,258,258,5,2
Jam-21,21,1678,257,257,5,2
Jam-21,21,1677,257,257,5,2
Jam-21,21,1683,258,258,5,2
Jam-21,21,1683,258,258,5,2
Jam-21,21,1683,258,258,5,2
Jam-21,21,1683,258,258,5,2
Jam-21,21,1677,257,257,5,2
Jam-21,21,1683,258,258,5,2
Jam-21,21,1683,258,258,5,2
Jam-21,21,1683,258,258,5,2
Jam-21,21,1678,257,257,5,2
Jam-21,21,1673,256,256,6,2
Jam-21,21,1667,255,255,7,2
Jam-21,21,1672,256,256,4,2
Jam-21,21,1683,258,258,5,2
Jam-21,21,1636,249,249,10,2
Jam-21,21,1683,258,258,5,2
Jam-21,21,1647,251,251,8,2
Jam-21,21,1651,252,252,7,2
Jam-21,21,1674,256,256,7,2
Jam-21,21,1672,256,256,6,2
Jam-21,21,1678,257,257,6,2
Jam-21,21,1641,250,250,9,2
Jam-21,21,1673,256,256,7,2
Jam-21,21,1657,253,253,9,2
Jam-21,21,1668,255,255,8,2
Jam-21,21,1655,253,253,7,2
Jam-21,21,1678,257,257,6,2
Jam-21,21,1651,252,252,11,2
Jam-21,21,1646,251,251,9,2
Jam-21,21,1652,252,252,11,2
Jam-21,21,1641,250,250,9,2
Jam-21,21,1641,250,250,11,2
Jam-21,21,1647,251,251,11,2
Jam-21,21,1647,251,251,11,2
Jam-21,21,1677,257,257,5,2
Jam-21,21,1642,250,250,9,2
Jam-21,21,1677,257,257,5,2
Jam-21,21,1678,257,257,6,2
Jam-21,21,1642,250,250,12,2
Jam-21,21,1642,250,250,12,2
Jam-21,21,1642,250,250,9,2
Jam-21,21,1667,255,255,6,2
Jam-21,21,1656,253,253,9,2
Jam-21,21,1645,251,251,9,2
Jam-21,21,1667,255,255,8,2
Jam-21,21,1677,257,257,6,2
Jam-21,21,1679,257,257,6,2
Jam-21,21,1657,253,253,6,2
Jam-21,21,1652,252,252,10,2
Jam-21,21,1683,258,258,5,2
Jam-21,21,1651,252,252,8,2
Jam-21,21,1677,257,257,5,2
Jam-21,21,1672,256,256,6,2
Jam-21,21,1656,253,253,10,2
Jam-21,21,1669,255,255,7,2
Jam-21,21,1674,256,256,6,2
Jam-21,21,1672,256,256,7,2
Jam-21,21,1652,252,252,10,2
Jam-21,21,1647,251,251,10,2
Jam-21,21,1646,251,251,10,2
Jam-21,21,1658,253,253,8,2
Jam-21,21,1652,252,252,9,2
Jam-21,21,1642,250,250,9,2
Jam-21,21,1683,258,258,5,2
Jam-21,21,1673,256,256,7,2
Jam-21,21,1661,254,254,6,2
Jam-21,21,1669,255,255,7,2
Jam-21,21,1636,249,249,10,2
Jam-21,21,1661,254,254,9,2
Jam-21,21,1683,258,258,5,2
Jam-21,21,1667,255,255,5,2
Jam-21,21,1672,256,256,4,2
Jam-21,21,1663,254,254,9,2
Jam-21,21,1669,255,255,7,2
Jam-21,21,1641,250,250,9,2
Jam-21,21,1642,250,250,12,2
Jam-21,21,1657,253,253,9,2
Jam-21,21,1648,251,251,11,2
Jam-21,21,1653,252,252,9,2
Jam-21,21,1647,251,251,10,2
Jam-21,21,1667,255,255,7,2
Jam-21,21,1652,252,252,10,2
Jam-21,21,1673,256,256,6,2
Jam-21,21,1668,255,255,7,2
Jam-21,21,1641,250,250,9,2
Jam-21,21,1656,253,253,7,2
Jam-21,21,1662,254,254,6,2
Jam-21,21,1654,252,252,10,2
Jam-21,21,1653,252,252,10,2
Jam-21,21,1662,254,254,6,2
Jam-21,21,1661,254,254,8,2
Jam-21,21,1668,255,255,4,2
Jam-21,21,1683,258,258,5,2
Jam-21,21,1661,254,254,8,2
Jam-21,21,1668,255,255,7,2
Jam-21,21,1648,251,251,8,2
Jam-3,14,7827,778,778,41,2
Jam-3,14,7729,767,767,46,2
Jam-3,14,7732,767,767,44,2
Jam-3,14,7770,771,771,44,2
Jam-3,14,7750,769,769,44,2
Jam-3,14,7785,773,773,44,2
Jam-3,14,7825,779,779,40,2
Jam-3,14,7781,773,773,43,2
Jam-3,14,7755,770,770,43,2
Jam-3,14,7760,770,770,44,2
Jam-3,14,7743,769,769,45,2
Jam-3,14,7776,772,772,44,2
Jam-3,14,7763,772,772,43,2
Jam-3,14,7821,779,779,46,2
Jam-3,14,7779,773,773,42,2
Jam-3,14,7736,768,768,43,2
Jam-3,14,7794,775,775,48,2
Jam-3,14,7771,772,772,42,2
Jam-3,14,7750,769,769,44,2
Jam-3,14,7790,774,774,43,2
Jam-3,14,7749,769,769,44,2
Jam-3,14,7826,778,778,44,2
Jam-3,14,7885,786,786,43,2
Jam-3,14,7810,778,778,43,2
Jam-3,14,7848,781,781,42,2
Jam-3,14,7796,775,775,42,2
Jam-3,14,7836,780,780,42,2
Jam-3,14,7761,770,770,44,2
Jam-3,14,7823,779,779,43,2
Jam-3,14,7765,772,772,50,2
Jam-3,14,7772,772,772,43,2
Jam-3,14,7913,789,789,38,2
Jam-3,14,7878,785,785,38,2
Jam-3,14,7745,769,769,43,2
Jam-3,14,7800,775,775,44,2
Jam-3,14,7732,768,768,42,2
Jam-3,14,7905,788,788,38,2
Jam-3,14,7744,770,770,43,2
Jam-3,14,7722,766,766,44,2
Jam-3,14,7778,773,773,42,2
Jam-3,14,7722,766,766,44,2
Jam-3,14,7919,792,792,42,2
Jam-3,14,7736,768,768,43,2
Jam-3,14,7792,774,774,43,2
Jam-3,14,7769,771,771,44,2
Jam-3,14,7763,771,771,43,2
Jam-3,14,7805,777,777,42,2
Jam-3,14,7778,773,773,42,2
Jam-3,14,7847,780,780,43,2
Jam-3,14,7722,766,766,44,2
Jam-3,14,7722,766,766,44,2
Jam-3,14,7857,783,783,43,2
Jam-3,14,7881,786,786,45,2
Jam-3,14,7745,769,769,43,2
Jam-3,14,7752,770,770,44,2
Jam-3,14,7839,782,782,39,2
Jam-3,14,7778,772,772,44,2
Jam-3,14,7751,770,770,42,2
Jam-3,14,7722,766,766,44,2
Jam-3,14,7788,773,773,44,2
Jam-3,14,7740,768,768,44,2
Jam-3,14,7751,770,770,42,2
Jam-3,14,7767,772,772,41,2
Jam-3,14,7759,770,770,44,2
Jam-3,14,7795,775,775,41,2
Jam-3,14,7771,773,773,43,2
Jam-3,14,7818,778,778,47,2
Jam-3,14,7741,768,768,44,2
Jam-3,14,7751,770,770,42,2
Jam-3,14,7774,774,774,39,2
Jam-3,14,7771,772,772,44,2
Jam-3,14,7887,788,788,38,2
Jam-3,14,7848,782,782,50,2
Jam-3,14,7759,771,771,45,2
Jam-3,14,7751,769,769,44,2
Jam-3,14,7737,768,768,43,2
Jam-3,14,7741,768,768,44,2
Jam-3,14,7832,781,781,41,2
Jam-3,14,7742,768,768,44,2
Jam-3,14,7741,768,768,44,2
Jam-3,14,7872,786,786,35,2
Jam-3,14,7741,768,768,44,2
Jam-3,14,7738,768,768,46,2
Jam-3,14,7904,789,789,37,2
Jam-3,14,7751,770,770,46,2
Jam-3,14,7758,770,770,44,2
Jam-3,14,7754,770,770,45,2
Jam-3,14,7732,767,767,44,2
Jam-3,14,7755,770,770,43,2
Jam-3,14,7741,768,768,44,2
Jam-3,14,7722,766,766,44,2
Jam-3,14,7844,781,781,40,2
Jam-3,14,7722,766,766,44,2
Jam-3,14,7768,771,771,44,2
Jam-3,14,7734,768,768,45,2
Jam-3,14,7722,766,766,44,2
Jam-3,14,7722,766,766,44,2
Jam-3,14,7804,775,775,44,2
Jam-3,14,7722,766,766,44,2
Jam-3,14,7811,777,777,41,2
Jam-4,9,3296,346,346,59,2
Jam-4,9,3263,341,341,65,2
Jam-4,9,3100,322,322,73,2
Jam-4,9,3387,356,356,50,2
Jam-4,9,3092,321,321,71,2
Jam-4,9,3019,312,312,67,2
Jam-4,9,3023,312,312,60,2
Jam-4,9,3300,346,346,61,2
Jam-4,9,3321,346,346,50,2
Jam-4,9,3179,330,330,66,2
Jam-4,9,3000,311,311,79,2
Jam-4,9,3192,332,332,63,2
Jam-4,9,3311,346,346,54,2
Jam-4,9,2941,303,303,64,2
Jam-4,9,3435,361,361,47,2
Jam-4,9,3237,337,337,52,2
Jam-4,9,3205,335,335,68,2
Jam-4,9,3168,331,331,66,2
Jam-4,9,3187,331,331,60,2
Jam-4,9,3373,354,354,45,2
Jam-4,9,3452,363,363,46,2
Jam-4,9,3198,332,332,49,2
Jam-4,9,3157,329,329,66,2
Jam-4,9,3257,340,340,52,2
Jam-4,9,3408,358,358,52,2
Jam-4,9,3024,312,312,55,2
Jam-4,9,2995,310,310,71,2
Jam-4,9,3402,356,356,46,2
Jam-4,9,2961,305,305,67,2
Jam-4,9,3333,349,349,53,2
Jam-4,9,3362,353,353,53,2
Jam-4,9,2949,304,304,63,2
Jam-4,9,3440,362,362,48,2
Jam-4,9,3064,317,317,60,2
Jam-4,9,3173,330,330,71,2
Jam-4,9,3082,321,321,66,2
Jam-4,9,3154,328,328,61,2
Jam-4,9,3276,342,342,58,2
Jam-4,9,3334,349,349,51,2
Jam-4,9,3360,352,352,47,2
Jam-4,9,3158,329,329,67,2
Jam-4,9,3428,360,360,47,2
Jam-4,9,3264,341,341,48,2
Jam-4,9,3000,310,310,71,2
Jam-4,9,3036,314,314,67,2
Jam-4,9,2942,303,303,64,2
Jam-4,9,3424,359,359,41,2
Jam-4,9,3264,341,341,63,2
Jam-4,9,3044,315,315,65,2
Jam-4,9,3444,362,362,48,2
Jam-4,9,3098,322,322,62,2
Jam-4,9,3345,351,351,54,2
Jam-4,9,3361,352,352,55,2
Jam-4,9,3440,361,361,43,2
Jam-4,9,3035,313,313,64,2
Jam-4,9,3451,363,363,45,2
Jam-4,9,3283,343,343,57,2
Jam-4,9,3129,324,324,62,2
Jam-4,9,2952,304,304,63,2
Jam-4,9,2957,305,305,68,2
Jam-4,9,2933,302,302,65,2
Jam-4,9,3083,320,320,68,2
Jam-4,9,3220,336,336,58,2
Jam-4,9,2950,304,304,66,2
Jam-4,9,3458,364,364,45,2
Jam-4,9,3157,327,327,62,2
Jam-4,9,3224,336,336,51,2
Jam-4,9,3476,366,366,44,2
Jam-4,9,3476,366,366,44,2
Jam-4,9,3031,313,313,61,2
Jam-4,9,3434,361,361,49,2
Jam-4,9,3128,325,325,71,2
Jam-4,9,3332,350,350,59,2
Jam-4,9,3436,361,361,48,2
Jam-4,9,3359,351,351,47,2
Jam-4,9,3320,348,348,61,2
Jam-4,9,3310,347,347,61,2
Jam-4,9,3221,336,336,64,2
Jam-4,9,3126,324,324,57,2
Jam-4,9,2988,308,308,62,2
Jam-4,9,3118,323,323,55,2
Jam-4,9,3399,357,357,49,2
Jam-4,9,3202,332,332,57,2
Jam-4,9,3286,344,344,65,2
Jam-4,9,3368,353,353,54,2
Jam-4,9,3312,347,347,53,2
Jam-4,9,2987,308,308,74,2
Jam-4,9,3069,317,317,61,2
Jam-4,9,3344,351,351,55,2
Jam-4,9,3305,345,345,53,2
Jam-4,9,3248,339,339,53,2
Jam-4,9,3219,337,337,68,2
Jam-4,9,3424,360,360,49,2
Jam-4,9,2984,308,308,66,2
Jam-4,9,3085,320,320,68,2
Jam-4,9,3242,337,337,52,2
Jam-4,9,3051,317,317,77,2
Jam-4,9,3019,311,311,61,2
Jam-4,9,2998,310,310,77,2
Jam-4,9,3100,321,321,68,2
Jam-5,9,20904,1895,1895,402,2
Jam-5,9,22405,2033,2033,413,2
Jam-5,9,21425,1945,1945,445,2
Jam-5,9,24469,2224,2224,299,2
Jam-5,9,21701,1967,1967,444,2
Jam-5,9,20716,1881,1881,402,2
Jam-5,9,21391,1941,1941,435,2
Jam-5,9,22000,1993,1993,446,2
Jam-5,9,22283,2023,2023,450,2
Jam-5,9,20863,1894,1894,446,2
Jam-5,9,23240,2114,2114,375,2
Jam-5,9,21862,1986,1986,412,2
Jam-5,9,20761,1883,1883,424,2
Jam-5,9,21125,1918,1918,423,2
Jam-5,9,21418,1946,1946,434,2
Jam-5,9,23934,2170,2170,344,2
Jam-5,9,20949,1901,1901,442,2
Jam-5,9,20693,1879,1879,418,2
Jam-5,9,21315,1934,1934,449,2
Jam-5,9,20671,1876,1876,418,2
Jam-5,9,20654,1874,1874,415,2
Jam-5,9,22867,2073,2073,414,2
Jam-5,9,23110,2101,2101,391,2
Jam-5,9,23438,2126,2126,379,2
Jam-5,9,23394,2128,2128,362,2
Jam-5,9,21275,1931,1931,446,2
Jam-5,9,21440,1948,1948,440,2
Jam-5,9,20608,1870,1870,410,2
Jam-5,9,21453,1947,1947,442,2
Jam-5,9,22204,2021,2021,419,2
Jam-5,9,20969,1903,1903,421,2
Jam-5,9,21189,1921,1921,431,2
Jam-5,9,22489,2041,2041,415,2
Jam-5,9,21922,1994,1994,423,2
Jam-5,9,20546,1864,1864,409,2
Jam-5,9,21510,1951,1951,445,2
Jam-5,9,20714,1878,1878,430,2
Jam-5,9,21656,1968,1968,438,2
Jam-5,9,22224,2018,2018,413,2
Jam-5,9,22736,2062,2062,395,2
Jam-5,9,20722,1881,1881,411,2
Jam-5,9,20486,1859,1859,401,2
Jam-5,9,24012,2185,2185,325,2
Jam-5,9,20790,1887,1887,424,2
Jam-5,9,21888,1983,1983,422,2
Jam-5,9,22853,2074,2074,406,2
Jam-5,9,24201,2200,2200,314,2
Jam-5,9,21029,1909,1909,424,2
Jam-5,9,20703,1879,1879,421,2
Jam-5,9,21278,1931,1931,446,2
Jam-5,9,21745,1972,1972,441,2
Jam-5,9,21979,1995,1995,434,2
Jam-5,9,20525,1862,1862,407,2
Jam-5,9,20633,1872,1872,411,2
Jam-5,9,22240,2019,2019,435,2
Jam-5,9,23729,2152,2152,350,2
Jam-5,9,21394,1939,1939,428,2
Jam-5,9,20556,1865,1865,414,2
Jam-5,9,23931,2172,2172,329,2
Jam-5,9,20759,1885,1885,413,2
Jam-5,9,21846,1986,1986,417,2
Jam-5,9,20768,1882,1882,420,2
Jam-5,9,22116,2005,2005,448,2
Jam-5,9,23378,2126,2126,365,2
Jam-5,9,22151,2013,2013,424,2
Jam-5,9,20990,1905,1905,432,2
Jam-5,9,20546,1864,1864,409,2
Jam-5,9,21166,1922,1922,432,2
Jam-5,9,22458,2040,2040,418,2
Jam-5,9,22126,2009,2009,445,2
Jam-5,9,22287,2025,2025,419,2
Jam-5,9,20622,1871,1871,408,2
Jam-5,9,23001,2094,2094,388,2
Jam-5,9,22963,2085,2085,383,2
Jam-5,9,22803,2074,2074,403,2
Jam-5,9,20983,1906,1906,418,2
Jam-5,9,21842,1978,1978,441,2
Jam-5,9,20968,1905,1905,423,2
Jam-5,9,22911,2084,2084,403,2
Jam-5,9,22862,2079,2079,395,2
Jam-5,9,23472,2135,2135,366,2
Jam-5,9,21741,1972,1972,447,2
Jam-5,9,20877,1895,1895,420,2
Jam-5,9,23251,2109,2109,374,2
Jam-5,9,24338,2213,2213,304,2
Jam-5,9,22048,1996,1996,439,2
Jam-5,9,22087,2007,2007,434,2
Jam-5,9,20595,1868,1868,412,2
Jam-5,9,22692,2060,2060,426,2
Jam-5,9,20662,1874,1874,425,2
Jam-5,9,20999,1908,1908,413,2
Jam-5,9,24224,2199,2199,322,2
Jam-5,9,20685,1878,1878,411,2
Jam-5,9,21412,1946,1946,409,2
Jam-5,9,23297,2116,2116,383,2
Jam-5,9,21531,1953,1953,441,2
Jam-5,9,22094,2009,2009,429,2
Jam-5,9,22739,2065,2065,416,2
Jam-5,9,20600,1869,1869,404,2
Jam-5,9,21141,1917,1917,429,2
Jam-6,9,16868,1640,1640,220,2
Jam-6,9,15341,1483,1483,251,2
Jam-6,9,16366,1588,1588,245,2
Jam-6,9,15218,1471,1471,218,2
Jam-6,9,16767,1628,1628,235,2
Jam-6,9,16070,1556,1556,288,2
Jam-6,9,16685,1621,1621,238,2
Jam-6,9,16378,1589,1589,258,2
Jam-6,9,15230,1471,1471,243,2
Jam-6,9,15214,1471,1471,218,2
Jam-6,9,16295,1581,1581,257,2
Jam-6,9,15984,1549,1549,257,2
Jam-6,9,16528,1604,1604,256,2
Jam-6,9,16711,1622,1622,240,2
Jam-6,9,15450,1496,1496,269,2
Jam-6,9,16302,1581,1581,249,2
Jam-6,9,16559,1608,1608,245,2
Jam-6,9,15533,1501,1501,248,2
Jam-6,9,16614,1614,1614,243,2
Jam-6,9,16342,1586,1586,261,2
Jam-6,9,16792,1631,1631,221,2
Jam-6,9,16629,1616,1616,243,2
Jam-6,9,15867,1537,1537,263,2
Jam-6,9,16216,1572,1572,247,2
Jam-6,9,15215,1471,1471,217,2
Jam-6,9,15278,1477,1477,243,2
Jam-6,9,16892,1641,1641,221,2
Jam-6,9,15924,1542,1542,277,2
Jam-6,9,15563,1505,1505,232,2
Jam-6,9,15491,1500,1500,200,2
Jam-6,9,15605,1508,1508,263,2
Jam-6,9,15077,1456,1456,203,2
Jam-6,9,15974,1549,1549,285,2
Jam-6,9,15551,1505,1505,240,2
Jam-6,9,16931,1646,1646,219,2
Jam-6,9,16645,1616,1616,244,2
Jam-6,9,15151,1464,1464,202,2
Jam-6,9,15246,1473,1473,227,2
Jam-6,9,16622,1614,1614,241,2
Jam-6,9,16515,1602,1602,247,2
Jam-6,9,16166,1568,1568,254,2
Jam-6,9,16197,1570,1570,272,2
Jam-6,9,15301,1480,1480,220,2
Jam-6,9,15253,1474,1474,232,2
Jam-6,9,15788,1529,1529,242,2
Jam-6,9,15382,1488,1488,244,2
Jam-6,9,16635,1616,1616,247,2
Jam-6,9,15526,1501,1501,241,2
Jam-6,9,16208,1571,1571,256,2
Jam-6,9,16388,1590,1590,258,2
Jam-6,9,15477,1498,1498,248,2
Jam-6,9,16436,1596,1596,251,2
Jam-6,9,15310,1479,1479,212,2
Jam-6,9,16619,1612,1612,245,2
Jam-6,9,16504,1602,1602,257,2
Jam-6,9,15608,1509,1509,261,2
Jam-6,9,15554,1503,1503,244,2
Jam-6,9,16971,1650,1650,215,2
Jam-6,9,15764,1525,1525,286,2
Jam-6,9,16336,1587,1587,260,2
Jam-6,9,16357,1586,1586,253,2
Jam-6,9,16877,1641,1641,219,2
Jam-6,9,16891,1642,1642,223,2
Jam-6,9,16768,1629,1629,233,2
Jam-6,9,16357,1584,1584,264,2
Jam-6,9,16081,1559,1559,271,2
Jam-6,9,16641,1617,1617,246,2
Jam-6,9,16732,1625,1625,239,2
Jam-6,9,16127,1563,1563,289,2
Jam-6,9,16454,1596,1596,241,2
Jam-6,9,15231,1471,1471,216,2
Jam-6,9,16177,1568,1568,248,2
Jam-6,9,15563,1506,1506,245,2
Jam-6,9,15476,1498,1498,268,2
Jam-6,9,16658,1618,1618,234,2
Jam-6,9,15956,1545,1545,279,2
Jam-6,9,15176,1466,1466,209,2
Jam-6,9,16317,1583,1583,263,2
Jam-6,9,16445,1596,1596,257,2
Jam-6,9,16303,1581,1581,251,2
Jam-6,9,16756,1628,1628,237,2
Jam-6,9,16461,1596,1596,235,2
Jam-6,9,15905,1541,1541,267,2
Jam-6,9,15832,1533,1533,281,2
Jam-6,9,16430,1596,1596,237,2
Jam-6,9,16289,1581,1581,259,2
Jam-6,9,16839,1637,1637,228,2
Jam-6,9,16400,1592,1592,247,2
Jam-6,9,16379,1590,1590,251,2
Jam-6,9,16504,1602,1602,263,2
Jam-6,9,15755,1525,1525,282,2
Jam-6,9,16222,1573,1573,260,2
Jam-6,9,15711,1523,1523,271,2
Jam-6,9,16854,1638,1638,220,2
Jam-6,9,16678,1619,1619,234,2
Jam-6,9,16709,1624,1624,228,2
Jam-6,9,15154,1464,1464,214,2
Jam-6,9,15787,1529,1529,230,2
Jam-6,9,16626,1614,1614,239,2
Jam-6,9,15337,1482,1482,232,2
Jam-7,13,58621,4780,4780,1155,2
Jam-7,13,53041,4330,4330,1298,2
Jam-7,13,52468,4287,4287,1233,2
Jam-7,13,53008,4333,4333,1275,2
Jam-7,13,52823,4316,4316,1274,2
Jam-7,13,52822,4314,4314,1256,2
Jam-7,13,54209,4420,4420,1371,2
Jam-7,13,52656,4299,4299,1245,2
Jam-7,13,52292,4274,4274,1217,2
Jam-7,13,53305,4350,4350,1307,2
Jam-7,13,53151,4341,4341,1295,2
Jam-7,13,52323,4278,4278,1219,2
Jam-7,13,52514,4289,4289,1229,2
Jam-7,13,52805,4311,4311,1249,2
Jam-7,13,52549,4294,4294,1251,2
Jam-7,13,54817,4475,4475,1352,2
Jam-7,13,52253,4271,4271,1208,2
Jam-7,13,55183,4492,4492,1404,2
Jam-7,13,52776,4314,4314,1255,2
Jam-7,13,54000,4407,4407,1368,2
Jam-7,13,52984,4325,4325,1259,2
Jam-7,13,53748,4386,4386,1326,2
Jam-7,13,52408,4281,4281,1224,2
Jam-7,13,53241,4345,4345,1313,2
Jam-7,13,52312,4276,4276,1211,2
Jam-7,13,53970,4401,4401,1354,2
Jam-7,13,53734,4391,4391,1309,2
Jam-7,13,52785,4312,4312,1263,2
Jam-7,13,52280,4273,4273,1217,2
Jam-7,13,52702,4304,4304,1257,2
Jam-7,13,52172,4265,4265,1196,2
Jam-7,13,52473,4290,4290,1233,2
Jam-7,13,52191,4267,4267,1198,2
Jam-7,13,52488,4289,4289,1233,2
Jam-7,13,52922,4321,4321,1285,2
Jam-7,13,52907,4325,4325,1273,2
Jam-7,13,52923,4321,4321,1294,2
Jam-7,13,52613,4300,4300,1249,2
Jam-7,13,52291,4274,4274,1207,2
Jam-7,13,52459,4287,4287,1230,2
Jam-7,13,52475,4286,4286,1239,2
Jam-7,13,52515,4292,4292,1235,2
Jam-7,13,52402,4282,4282,1233,2
Jam-7,13,53890,4395,4395,1359,2
Jam-7,13,53437,4362,4362,1301,2
Jam-7,13,52947,4324,4324,1279,2
Jam-7,13,52508,4292,4292,1233,2
Jam-7,13,52378,4280,4280,1217,2
Jam-7,13,52459,4291,4291,1236,2
Jam-7,13,52899,4321,4321,1291,2
Jam-7,13,54729,4455,4455,1389,2
Jam-7,13,53078,4334,4334,1284,2
Jam-7,13,52846,4315,4315,1252,2
Jam-7,13,52450,4286,4286,1228,2
Jam-7,13,53049,4335,4335,1279,2
Jam-7,13,52210,4268,4268,1204,2
Jam-7,13,52257,4272,4272,1206,2
Jam-7,13,52240,4270,4270,1205,2
Jam-7,13,52784,4309,4309,1254,2
Jam-7,13,52726,4305,4305,1254,2
Jam-7,13,53293,4353,4353,1315,2
Jam-7,13,53606,4369,4369,1335,2
Jam-7,13,52474,4290,4290,1233,2
Jam-7,13,53242,4349,4349,1317,2
Jam-7,13,52620,4300,4300,1253,2
Jam-7,13,56317,4581,4581,1450,2
Jam-7,13,53960,4407,4407,1344,2
Jam-7,13,53459,4365,4365,1316,2
Jam-7,13,53834,4398,4398,1352,2
Jam-7,13,52742,4313,4313,1240,2
Jam-7,13,52356,4278,4278,1219,2
Jam-7,13,52606,4301,4301,1244,2
Jam-7,13,53422,4362,4362,1292,2
Jam-7,13,52584,4294,4294,1256,2
Jam-7,13,54159,4419,4419,1357,2
Jam-7,13,53650,4378,4378,1343,2
Jam-7,13,54790,4471,4471,1406,2
Jam-7,13,53930,4399,4399,1343,2
Jam-7,13,52720,4308,4308,1250,2
Jam-7,13,53315,4349,4349,1322,2
Jam-7,13,53356,4356,4356,1323,2
Jam-7,13,52255,4271,4271,1211,2
Jam-7,13,55018,4487,4487,1432,2
Jam-7,13,52679,4303,4303,1244,2
Jam-7,13,52741,4312,4312,1248,2
Jam-7,13,53314,4354,4354,1290,2
Jam-7,13,52651,4301,4301,1254,2
Jam-7,13,52304,4274,4274,1219,2
Jam-7,13,52481,4288,4288,1245,2
Jam-7,13,52443,4285,4285,1222,2
Jam-7,13,53113,4336,4336,1293,2
Jam-7,13,53594,4369,4369,1333,2
Jam-7,13,53578,4374,4374,1318,2
Jam-7,13,52268,4271,4271,1219,2
Jam-7,13,52196,4267,4267,1201,2
Jam-7,13,53659,4380,4380,1334,2
Jam-7,13,54114,4412,4412,1365,2
Jam-7,13,54472,4447,4447,1417,2
Jam-7,13,53398,4364,4364,1311,2
Jam-7,13,52531,4293,4293,1236,2
Jam-8,12,6462,949,949,2,2
Jam-8,12,6459,948,948,3,2
Jam-8,12,6465,950,950,1,2
Jam-8,12,6459,948,948,3,2
Jam-8,12,6465,950,950,1,2
Jam-8,12,6465,950,950,1,2
Jam-8,12,6465,950,950,1,2
Jam-8,12,6465,950,950,1,2
Jam-8,12,6465,950,950,1,2
Jam-8,12,6462,949,949,2,2
Jam-8,12,6465,950,950,1,2
Jam-8,12,6465,950,950,1,2
Jam-8,12,6459,948,948,3,2
Jam-8,12,6459,948,948,3,2
Jam-8,12,6462,949,949,2,2
Jam-8,12,6459,948,948,3,2
Jam-8,12,6459,948,948,3,2
Jam-8,12,6459,948,948,3,2
Jam-8,12,6459,948,948,3,2
Jam-8,12,6459,948,948,3,2
Jam-8,12,6459,948,948,3,2
Jam-8,12,6459,948,948,3,2
Jam-8,12,6465,950,950,1,2
Jam-8,12,6462,949,949,2,2
Jam-8,12,6465,950,950,1,2
Jam-8,12,6465,950,950,1,2
Jam-8,12,6465,950,950,1,2
Jam-8,12,6462,949,949,2,2
Jam-8,12,6465,950,950,1,2
Jam-8,12,6462,949,949,2,2
Jam-8,12,6462,949,949,2,2
Jam-8,12,6459,948,948,3,2
Jam-8,12,6465,950,950,1,2
Jam-8,12,6465,950,950,1,2
Jam-8,12,6462,949,949,2,2
Jam-8,12,6459,948,948,3,2
Jam-8,12,6465,950,950,1,2
Jam-8,12,6459,948,948,3,2
Jam-8,12,6459,948,948,3,2
Jam-8,12,6465,950,950,1,2
Jam-8,12,6459,948,948,3,2
Jam-8,12,6462,949,949,2,2
Jam-8,12,6459,948,948,3,2
Jam-8,12,6459,948,948,3,2
Jam-8,12,6459,948,948,3,2
Jam-8,12,6459,948,948,3,2
Jam-8,12,6462,949,949,2,2
Jam-8,12,6459,948,948,3,2
Jam-8,12,6459,948,948,3,2
Jam-8,12,6465,950,950,1,2
Jam-8,12,6462,949,949,2,2
Jam-8,12,6459,948,948,3,2
Jam-8,12,6465,950,950,1,2
Jam-8,12,6459,948,948,3,2
Jam-8,12,6459,948,948,3,2
Jam-8,12,6462,949,949,2,2
Jam-8,12,6459,948,948,3,2
Jam-8,12,6459,948,948,3,2
Jam-8,12,6459,948,948,3,2
Jam-8,12,6465,950,950,1,2
Jam-8,12,6462,949,949,2,2
Jam-8,12,6462,949,949,2,2
Jam-8,12,6459,948,948,3,2
Jam-8,12,6462,949,949,2,2
Jam-8,12,6462,949,949,2,2
Jam-8,12,6465,950,950,1,2
Jam-8,12,6459,948,948,3,2
Jam-8,12,6465,950,950,1,2
Jam-8,12,6459,948,948,3,2
Jam-8,12,6465,950,950,1,2
Jam-8,12,6465,950,950,1,2
Jam-8,12,6465,950,950,1,2
Jam-8,12,6462,949,949,2,2
Jam-8,12,6465,950,950,1,2
Jam-8,12,6462,949,949,2,2
Jam-8,12,6465,950,950,1,2
Jam-8,12,6465,950,950,1,2
Jam-8,12,6462,949,949,2,2
Jam-8,12,6462,949,949,2,2
Jam-8,12,6459,948,948,3,2
Jam-8,12,6465,950,950,1,2
Jam-8,12,6465,950,950,1,2
Jam-8,12,6462,949,949,2,2
Jam-8,12,6465,950,950,1,2
Jam-8,12,6462,949,949,2,2
Jam-8,12,6459,948,948,3,2
Jam-8,12,6465,950,950,1,2
Jam-8,12,6465,950,950,1,2
Jam-8,12,6465,950,950,1,2
Jam-8,12,6459,948,948,3,2
Jam-8,12,6462,949,949,2,2
Jam-8,12,6459,948,948,3,2
Jam-8,12,6465,950,950,1,2
Jam-8,12,6459,948,948,3,2
Jam-8,12,6459,948,948,3,2
Jam-8,12,6465,950,950,1,2
Jam-8,12,6462,949,949,2,2
Jam-8,12,6462,949,949,2,2
Jam-8,12,6459,948,948,3,2
Jam-8,12,6462,949,949,2,2
Jam-9,12,5896,680,680,195,2
Jam-9,12,6406,732,732,248,2
Jam-9,12,5890,679,679,196,2
Jam-9,12,5940,684,684,205,2
Jam-9,12,5931,683,683,200,2
Jam-9,12,5890,679,679,196,2
Jam-9,12,5890,679,679,196,2
Jam-9,12,6076,699,699,222,2
Jam-9,12,6057,696,696,222,2
Jam-9,12,6365,730,730,250,2
Jam-9,12,6146,705,705,229,2
Jam-9,12,6978,792,792,246,2
Jam-9,12,6009,691,691,211,2
Jam-9,12,6287,719,719,246,2
Jam-9,12,6885,782,782,262,2
Jam-9,12,6221,713,713,240,2
Jam-9,12,6802,774,774,249,2
Jam-9,12,6169,709,709,220,2
Jam-9,12,6203,713,713,236,2
Jam-9,12,6475,742,742,244,2
Jam-9,12,6879,780,780,252,2
Jam-9,12,5996,690,690,216,2
Jam-9,12,5988,689,689,215,2
Jam-9,12,5961,686,686,203,2
Jam-9,12,6347,726,726,237,2
Jam-9,12,6146,705,705,232,2
Jam-9,12,6229,712,712,238,2
Jam-9,12,6066,697,697,217,2
Jam-9,12,6562,750,750,233,2
Jam-9,12,6375,729,729,226,2
Jam-9,12,6149,707,707,232,2
Jam-9,12,6159,708,708,225,2
Jam-9,12,6029,693,693,219,2
Jam-9,12,6021,692,692,214,2
Jam-9,12,5940,684,684,198,2
Jam-9,12,5890,679,679,196,2
Jam-9,12,5914,682,682,201,2
Jam-9,12,5944,685,685,200,2
Jam-9,12,6558,746,746,241,2
Jam-9,12,6177,708,708,228,2
Jam-9,12,6472,740,740,230,2
Jam-9,12,6431,734,734,243,2
Jam-9,12,6027,693,693,217,2
Jam-9,12,6453,737,737,243,2
Jam-9,12,6161,707,707,226,2
Jam-9,12,6181,710,710,225,2
Jam-9,12,5921,682,682,205,2
Jam-9,12,6365,727,727,247,2
Jam-9,12,6438,735,735,248,2
Jam-9,12,6893,781,781,245,2
Jam-9,12,6029,693,693,218,2
Jam-9,12,6606,755,755,260,2
Jam-9,12,5995,689,689,209,2
Jam-9,12,5912,681,681,199,2
Jam-9,12,6009,691,691,212,2
Jam-9,12,5994,690,690,210,2
Jam-9,12,5890,679,679,196,2
Jam-9,12,6777,770,770,256,2
Jam-9,12,6444,738,738,238,2
Jam-9,12,6066,697,697,218,2
Jam-9,12,6611,753,753,233,2
Jam-9,12,7038,798,798,255,2
Jam-9,12,6108,701,701,227,2
Jam-9,12,6962,790,790,240,2
Jam-9,12,6445,733,733,232,2
Jam-9,12,6689,760,760,243,2
Jam-9,12,5949,685,685,204,2
Jam-9,12,6389,730,730,251,2
Jam-9,12,6024,693,693,213,2
Jam-9,12,5918,682,682,202,2
Jam-9,12,5971,687,687,205,2
Jam-9,12,6002,690,690,215,2
Jam-9,12,6191,711,711,228,2
Jam-9,12,6244,715,715,232,2
Jam-9,12,6128,704,704,219,2
Jam-9,12,6136,704,704,222,2
Jam-9,12,6015,691,691,222,2
Jam-9,12,7540,847,847,224,2
Jam-9,12,6180,710,710,223,2
Jam-9,12,6475,740,740,244,2
Jam-9,12,6157,707,707,225,2
Jam-9,12,6289,721,721,224,2
Jam-9,12,6091,699,699,218,2
Jam-9,12,6032,693,693,211,2
Jam-9,12,6151,707,707,224,2
Jam-9,12,6098,702,702,217,2
Jam-9,12,6188,711,711,227,2
Jam-9,12,6705,764,764,246,2
Jam-9,12,6064,696,696,218,2
Jam-9,12,6223,714,714,231,2
Jam-9,12,7054,802,802,239,2
Jam-9,12,6253,717,717,232,2
Jam-9,12,6259,718,718,234,2
Jam-9,12,5920,682,682,202,2
Jam-9,12,5890,679,679,196,2
Jam-9,12,5950,685,685,205,2
Jam-9,12,6020,692,692,212,2
Jam-9,12,5900,680,680,200,2
Jam-9,12,6108,702,702,222,2
Jam-9,12,6620,753,753,265,2
Jam-10,17,16104,1892,1892,258,2
Jam-10,17,16836,1985,1985,290,2
Jam-10,17,17005,2006,2006,277,2
Jam-10,17,15932,1877,1877,298,2
Jam-10,17,16737,1974,1974,307,2
Jam-10,17,15632,1841,1841,281,2
Jam-10,17,16248,1917,1917,317,2
Jam-10,17,15426,1815,1815,260,2
Jam-10,17,16831,1985,1985,280,2
Jam-10,17,15716,1851,1851,295,2
Jam-10,17,15542,1828,1828,278,2
Jam-10,17,15841,1863,1863,302,2
Jam-10,17,16614,1958,1958,305,2
Jam-10,17,16114,1899,1899,317,2
Jam-10,17,15798,1860,1860,325,2
Jam-10,17,15672,1842,1842,288,2
Jam-10,17,16811,1984,1984,297,2
Jam-10,17,17016,2008,2008,271,2
Jam-10,17,16003,1884,1884,319,2
Jam-10,17,16540,1950,1950,318,2
Jam-10,17,16827,1985,1985,296,2
Jam-10,17,16659,1965,1965,299,2
Jam-10,17,16117,1898,1898,334,2
Jam-10,17,17252,2037,2037,257,2
Jam-10,17,15703,1846,1846,289,2
Jam-10,17,17118,2020,2020,255,2
Jam-10,17,15481,1820,1820,273,2
Jam-10,17,15724,1849,1849,305,2
Jam-10,17,17266,2037,2037,251,2
Jam-10,17,15495,1824,1824,276,2
Jam-10,17,15350,1805,1805,252,2
Jam-10,17,15509,1826,1826,274,2
Jam-10,17,15914,1874,1874,320,2
Jam-10,17,16346,1928,1928,323,2
Jam-10,17,15360,1807,1807,252,2
Jam-10,17,17222,2033,2033,259,2
Jam-10,17,15992,1884,1884,300,2
Jam-10,17,16346,1927,1927,328,2
Jam-10,17,17179,2028,2028,251,2
Jam-10,17,17319,2044,2044,250,2
Jam-10,17,16431,1936,1936,286,2
Jam-10,17,16412,1934,1934,321,2
Jam-10,17,16699,1972,1972,301,2
Jam-10,17,16280,1917,1917,310,2
Jam-10,17,16953,1997,1997,281,2
Jam-10,17,15725,1851,1851,285,2
Jam-10,17,16974,2001,2001,281,2
Jam-10,17,16313,1925,1925,284,2
Jam-10,17,16638,1961,1961,286,2
Jam-10,17,16160,1903,1903,320,2
Jam-10,17,16801,1979,1979,305,2
Jam-10,17,15992,1883,1883,304,2
Jam-10,17,16754,1976,1976,288,2
Jam-10,17,16746,1973,1973,306,2
Jam-10,17,16226,1911,1911,314,2
Jam-10,17,15408,1812,1812,260,2
Jam-10,17,17007,2006,2006,274,2
Jam-10,17,15697,1846,1846,299,2
Jam-10,17,16443,1938,1938,309,2
Jam-10,17,17242,2034,2034,257,2
Jam-10,17,16661,1965,1965,304,2
Jam-10,17,15757,1853,1853,293,2
Jam-10,17,15501,1822,1822,282,2
Jam-10,17,16609,1957,1957,312,2
Jam-10,17,17234,2034,2034,257,2
Jam-10,17,15914,1875,1875,326,2
Jam-10,17,16165,1906,1906,303,2
Jam-10,17,17335,2046,2046,248,2
Jam-10,17,16414,1934,1934,312,2
Jam-10,17,16087,1896,1896,325,2
Jam-10,17,16331,1924,1924,328,2
Jam-10,17,15997,1883,1883,314,2
Jam-10,17,15388,1810,1810,258,2
Jam-10,17,16272,1916,1916,325,2
Jam-10,17,15512,1824,1824,272,2
Jam-10,17,16095,1896,1896,331,2
Jam-10,17,16230,1915,1915,309,2
Jam-10,17,17059,2011,2011,268,2
Jam-10,17,16598,1957,1957,303,2
Jam-10,17,16270,1916,1916,298,2
Jam-10,17,16052,1889,1889,310,2
Jam-10,17,15391,1810,1810,258,2
Jam-10,17,17050,2012,2012,279,2
Jam-10,17,16041,1888,1888,317,2
Jam-10,17,15881,1869,1869,301,2
Jam-10,17,17226,2033,2033,261,2
Jam-10,17,17308,2042,2042,252,2
Jam-10,17,15548,1830,1830,285,2
Jam-10,17,16871,1991,1991,284,2
Jam-10,17,16993,2005,2005,280,2
Jam-10,17,15925,1875,1875,310,2
Jam-10,17,17138,2022,2022,270,2
Jam-10,17,17166,2026,2026,265,2
Jam-10,17,16272,1917,1917,299,2
Jam-10,17,15541,1829,1829,285,2
Jam-10,17,15475,1821,1821,275,2
Jam-10,17,17115,2020,2020,272,2
Jam-10,17,15651,1841,1841,292,2
Jam-10,17,17127,2021,2021,267,2
Jam-10,17,16273,1915,1915,317,2
