Jam-9,12,106,16,16,59
Jam-9,12,98,15,15,55
Jam-9,12,124,17,17,74
Jam-9,12,107,17,17,53
Jam-9,12,142,19,19,82
Jam-9,12,117,17,17,66
Jam-9,12,134,19,19,74
Jam-9,12,106,16,16,59
Jam-9,12,130,19,19,71
Jam-9,12,125,17,17,74
Jam-9,12,93,15,15,50
Jam-9,12,143,20,20,75
Jam-9,12,157,23,23,75
Jam-9,12,118,17,17,68
Jam-9,12,98,15,15,55
Jam-9,12,107,16,16,61
Jam-9,12,172,22,22,95
Jam-9,12,134,19,19,74
Jam-9,12,172,22,22,98
Jam-9,12,152,21,21,81
Jam-9,12,117,17,17,66
Jam-9,12,106,15,15,63
Jam-9,12,113,16,16,67
Jam-9,12,149,19,19,89
Jam-9,12,115,16,16,68
Jam-9,12,116,16,16,70
Jam-9,12,106,17,17,55
Jam-9,12,188,25,25,95
Jam-9,12,118,17,17,68
Jam-9,12,124,18,18,68
Jam-9,12,110,16,16,63
Jam-9,12,195,24,24,109
Jam-9,12,129,18,18,73
Jam-9,12,119,17,17,68
Jam-9,12,135,19,19,72
Jam-9,12,98,15,15,55
Jam-9,12,93,15,15,50
Jam-9,12,135,19,19,73
Jam-9,12,98,15,15,55
Jam-9,12,151,20,20,83
Jam-9,12,142,19,19,82
Jam-9,12,130,18,18,74
Jam-9,12,111,17,17,59
Jam-9,12,142,19,19,82
Jam-9,12,124,19,19,61
Jam-9,12,106,16,16,59
Jam-9,12,154,20,20,90
Jam-9,12,126,18,18,71
Jam-9,12,116,17,17,66
Jam-9,12,98,15,15,55
Jam-9,12,116,16,16,70
Jam-9,12,127,18,18,72
Jam-9,12,126,17,17,76
Jam-9,12,131,19,19,69
Jam-9,12,151,20,20,83
Jam-9,12,107,16,16,61
Jam-9,12,113,16,16,67
Jam-9,12,180,24,24,93
Jam-9,12,172,22,22,98
Jam-9,12,119,16,16,73
Jam-9,12,118,17,17,68
Jam-9,12,158,20,20,90
Jam-9,12,129,19,19,66
Jam-9,12,101,15,15,58
Jam-9,12,135,18,18,79
Jam-9,12,112,17,17,60
Jam-9,12,121,18,18,66
Jam-9,12,162,22,22,86
Jam-9,12,119,18,18,63
Jam-9,12,142,19,19,82
Jam-9,12,101,15,15,58
Jam-9,12,124,17,17,74
Jam-9,12,115,16,16,66
Jam-9,12,107,16,16,61
Jam-9,12,149,19,19,89
Jam-9,12,106,16,16,59
Jam-9,12,126,18,18,70
Jam-9,12,178,24,24,91
Jam-9,12,93,15,15,50
Jam-9,12,143,20,20,74
Jam-9,12,135,18,18,79
Jam-9,12,116,17,17,66
Jam-9,12,116,16,16,70
Jam-9,12,132,20,20,65
Jam-9,12,118,17,17,67
Jam-9,12,115,17,17,64
Jam-9,12,93,15,15,50
Jam-9,12,148,19,19,87
Jam-9,12,98,15,15,55
Jam-9,12,135,18,18,79
Jam-9,12,139,20,20,75
Jam-9,12,158,20,20,90
Jam-9,12,122,19,19,63
Jam-9,12,125,17,17,74
Jam-9,12,119,17,17,67
Jam-9,12,127,18,18,71
Jam-9,12,93,15,15,50
Jam-9,12,98,15,15,55
Jam-9,12,116,16,16,70
Jam-9,12,129,17,17,79
