Jam-15,23,3187,524,524,6
Jam-15,23,3187,524,524,6
Jam-15,23,3173,521,521,4
Jam-15,23,3177,522,522,5
Jam-15,23,3183,523,523,6
Jam-15,23,3173,521,521,4
Jam-15,23,3178,522,522,6
Jam-15,23,3178,522,522,5
Jam-15,23,3173,521,521,4
Jam-15,23,3177,522,522,5
Jam-15,23,3187,524,524,6
Jam-15,23,3182,523,523,7
Jam-15,23,3183,523,523,6
Jam-15,23,3178,522,522,5
Jam-15,23,3187,524,524,6
Jam-15,23,3187,524,524,6
Jam-15,23,3173,521,521,4
Jam-15,23,3182,523,523,7
Jam-15,23,3173,521,521,4
Jam-15,23,3183,523,523,6
Jam-15,23,3178,522,522,6
Jam-15,23,3182,523,523,7
Jam-15,23,3173,521,521,4
Jam-15,23,3178,522,522,5
Jam-15,23,3178,522,522,6
Jam-15,23,3187,524,524,6
Jam-15,23,3173,521,521,4
Jam-15,23,3178,522,522,5
Jam-15,23,3182,523,523,7
Jam-15,23,3182,523,523,7
Jam-15,23,3173,521,521,4
Jam-15,23,3187,524,524,6
Jam-15,23,3182,523,523,7
Jam-15,23,3177,522,522,5
Jam-15,23,3173,521,521,4
Jam-15,23,3173,521,521,4
Jam-15,23,3173,521,521,4
Jam-15,23,3177,522,522,5
Jam-15,23,3173,521,521,4
Jam-15,23,3173,521,521,4
Jam-15,23,3173,521,521,4
Jam-15,23,3182,523,523,7
Jam-15,23,3183,523,523,6
Jam-15,23,3182,523,523,7
Jam-15,23,3178,522,522,6
Jam-15,23,3182,523,523,7
Jam-15,23,3187,524,524,6
Jam-15,23,3182,523,523,7
Jam-15,23,3182,523,523,7
Jam-15,23,3182,523,523,7
Jam-15,23,3178,522,522,6
Jam-15,23,3173,521,521,4
Jam-15,23,3173,521,521,4
Jam-15,23,3173,521,521,4
Jam-15,23,3173,521,521,4
Jam-15,23,3187,524,524,6
Jam-15,23,3187,524,524,6
Jam-15,23,3178,522,522,5
Jam-15,23,3173,521,521,4
Jam-15,23,3187,524,524,6
Jam-15,23,3177,522,522,5
Jam-15,23,3178,522,522,6
Jam-15,23,3187,524,524,6
Jam-15,23,3178,522,522,6
Jam-15,23,3178,522,522,6
Jam-15,23,3178,522,522,6
Jam-15,23,3187,524,524,6
Jam-15,23,3173,521,521,4
Jam-15,23,3182,523,523,7
Jam-15,23,3182,523,523,7
Jam-15,23,3182,523,523,7
Jam-15,23,3187,524,524,6
Jam-15,23,3178,522,522,5
Jam-15,23,3187,524,524,6
Jam-15,23,3182,523,523,7
Jam-15,23,3183,523,523,6
Jam-15,23,3187,524,524,6
Jam-15,23,3182,523,523,7
Jam-15,23,3183,523,523,6
Jam-15,23,3187,524,524,6
Jam-15,23,3178,522,522,6
Jam-15,23,3183,523,523,6
Jam-15,23,3173,521,521,4
Jam-15,23,3187,524,524,6
Jam-15,23,3177,522,522,5
Jam-15,23,3187,524,524,6
Jam-15,23,3187,524,524,6
Jam-15,23,3187,524,524,6
Jam-15,23,3178,522,522,5
Jam-15,23,3187,524,524,6
Jam-15,23,3187,524,524,6
Jam-15,23,3183,523,523,6
Jam-15,23,3183,523,523,6
Jam-15,23,3182,523,523,7
Jam-15,23,3182,523,523,7
Jam-15,23,3182,523,523,7
Jam-15,23,3177,522,522,5
Jam-15,23,3173,521,521,4
Jam-15,23,3187,524,524,6
Jam-15,23,3173,521,521,4
