Jam-3,14,7827,778,778,41
Jam-3,14,7729,767,767,46
Jam-3,14,7732,767,767,44
Jam-3,14,7770,771,771,44
Jam-3,14,7750,769,769,44
Jam-3,14,7785,773,773,44
Jam-3,14,7825,779,779,40
Jam-3,14,7781,773,773,43
Jam-3,14,7755,770,770,43
Jam-3,14,7760,770,770,44
Jam-3,14,7743,769,769,45
Jam-3,14,7776,772,772,44
Jam-3,14,7763,772,772,43
Jam-3,14,7821,779,779,46
Jam-3,14,7779,773,773,42
Jam-3,14,7736,768,768,43
Jam-3,14,7794,775,775,48
Jam-3,14,7771,772,772,42
Jam-3,14,7750,769,769,44
Jam-3,14,7790,774,774,43
Jam-3,14,7749,769,769,44
Jam-3,14,7826,778,778,44
Jam-3,14,7885,786,786,43
Jam-3,14,7810,778,778,43
Jam-3,14,7848,781,781,42
Jam-3,14,7796,775,775,42
Jam-3,14,7836,780,780,42
Jam-3,14,7761,770,770,44
Jam-3,14,7823,779,779,43
Jam-3,14,7765,772,772,50
Jam-3,14,7772,772,772,43
Jam-3,14,7913,789,789,38
Jam-3,14,7878,785,785,38
Jam-3,14,7745,769,769,43
Jam-3,14,7800,775,775,44
Jam-3,14,7732,768,768,42
Jam-3,14,7905,788,788,38
Jam-3,14,7744,770,770,43
Jam-3,14,7722,766,766,44
Jam-3,14,7778,773,773,42
Jam-3,14,7722,766,766,44
Jam-3,14,7919,792,792,42
Jam-3,14,7736,768,768,43
Jam-3,14,7792,774,774,43
Jam-3,14,7769,771,771,44
Jam-3,14,7763,771,771,43
Jam-3,14,7805,777,777,42
Jam-3,14,7778,773,773,42
Jam-3,14,7847,780,780,43
Jam-3,14,7722,766,766,44
Jam-3,14,7722,766,766,44
Jam-3,14,7857,783,783,43
Jam-3,14,7881,786,786,45
Jam-3,14,7745,769,769,43
Jam-3,14,7752,770,770,44
Jam-3,14,7839,782,782,39
Jam-3,14,7778,772,772,44
Jam-3,14,7751,770,770,42
Jam-3,14,7722,766,766,44
Jam-3,14,7788,773,773,44
Jam-3,14,7740,768,768,44
Jam-3,14,7751,770,770,42
Jam-3,14,7767,772,772,41
Jam-3,14,7759,770,770,44
Jam-3,14,7795,775,775,41
Jam-3,14,7771,773,773,43
Jam-3,14,7818,778,778,47
Jam-3,14,7741,768,768,44
Jam-3,14,7751,770,770,42
Jam-3,14,7774,774,774,39
Jam-3,14,7771,772,772,44
Jam-3,14,7887,788,788,38
Jam-3,14,7848,782,782,50
Jam-3,14,7759,771,771,45
Jam-3,14,7751,769,769,44
Jam-3,14,7737,768,768,43
Jam-3,14,7741,768,768,44
Jam-3,14,7832,781,781,41
Jam-3,14,7742,768,768,44
Jam-3,14,7741,768,768,44
Jam-3,14,7872,786,786,35
Jam-3,14,7741,768,768,44
Jam-3,14,7738,768,768,46
Jam-3,14,7904,789,789,37
Jam-3,14,7751,770,770,46
Jam-3,14,7758,770,770,44
Jam-3,14,7754,770,770,45
Jam-3,14,7732,767,767,44
Jam-3,14,7755,770,770,43
Jam-3,14,7741,768,768,44
Jam-3,14,7722,766,766,44
Jam-3,14,7844,781,781,40
Jam-3,14,7722,766,766,44
Jam-3,14,7768,771,771,44
Jam-3,14,7734,768,768,45
Jam-3,14,7722,766,766,44
Jam-3,14,7722,766,766,44
Jam-3,14,7804,775,775,44
Jam-3,14,7722,766,766,44
Jam-3,14,7811,777,777,41
