Jam-15,23,3166,518,518,8
Jam-15,23,3166,518,518,8
Jam-15,23,3166,518,518,8
Jam-15,23,3166,518,518,8
Jam-15,23,3166,518,518,8
Jam-15,23,3166,518,518,8
Jam-15,23,3166,518,518,8
Jam-15,23,3166,518,518,8
Jam-15,23,3166,518,518,8
Jam-15,23,3166,518,518,8
Jam-15,23,3166,518,518,8
Jam-15,23,3166,518,518,8
Jam-15,23,3166,518,518,8
Jam-15,23,3166,518,518,8
Jam-15,23,3161,517,517,7
Jam-15,23,3166,518,518,8
Jam-15,23,3166,518,518,8
Jam-15,23,3166,518,518,8
Jam-15,23,3166,518,518,8
Jam-15,23,3166,518,518,8
Jam-15,23,3166,518,518,8
Jam-15,23,3166,518,518,8
Jam-15,23,3166,518,518,8
Jam-15,23,3161,517,517,7
Jam-15,23,3166,518,518,8
Jam-15,23,3166,518,518,8
Jam-15,23,3166,518,518,8
Jam-15,23,3161,517,517,7
Jam-15,23,3166,518,518,8
Jam-15,23,3166,518,518,8
Jam-15,23,3166,518,518,8
Jam-15,23,3166,518,518,8
Jam-15,23,3166,518,518,8
Jam-15,23,3166,518,518,8
Jam-15,23,3166,518,518,8
Jam-15,23,3166,518,518,8
Jam-15,23,3166,518,518,8
Jam-15,23,3161,517,517,7
Jam-15,23,3161,517,517,7
Jam-15,23,3166,518,518,8
Jam-15,23,3161,517,517,7
Jam-15,23,3166,518,518,8
Jam-15,23,3166,518,518,8
Jam-15,23,3166,518,518,8
Jam-15,23,3166,518,518,8
Jam-15,23,3166,518,518,8
Jam-15,23,3161,517,517,7
Jam-15,23,3166,518,518,8
Jam-15,23,3166,518,518,8
Jam-15,23,3166,518,518,8
Jam-15,23,3166,518,518,8
Jam-15,23,3166,518,518,8
Jam-15,23,3166,518,518,8
Jam-15,23,3166,518,518,8
Jam-15,23,3161,517,517,7
Jam-15,23,3166,518,518,8
Jam-15,23,3161,517,517,7
Jam-15,23,3166,518,518,8
Jam-15,23,3166,518,518,8
Jam-15,23,3166,518,518,8
Jam-15,23,3166,518,518,8
Jam-15,23,3166,518,518,8
Jam-15,23,3166,518,518,8
Jam-15,23,3166,518,518,8
Jam-15,23,3166,518,518,8
Jam-15,23,3166,518,518,8
Jam-15,23,3166,518,518,8
Jam-15,23,3166,518,518,8
Jam-15,23,3161,517,517,7
Jam-15,23,3166,518,518,8
Jam-15,23,3166,518,518,8
Jam-15,23,3166,518,518,8
Jam-15,23,3166,518,518,8
Jam-15,23,3166,518,518,8
Jam-15,23,3166,518,518,8
Jam-15,23,3166,518,518,8
Jam-15,23,3166,518,518,8
Jam-15,23,3166,518,518,8
Jam-15,23,3166,518,518,8
Jam-15,23,3161,517,517,7
Jam-15,23,3166,518,518,8
Jam-15,23,3166,518,518,8
Jam-15,23,3161,517,517,7
Jam-15,23,3161,517,517,7
Jam-15,23,3161,517,517,7
Jam-15,23,3161,517,517,7
Jam-15,23,3161,517,517,7
Jam-15,23,3166,518,518,8
Jam-15,23,3166,518,518,8
Jam-15,23,3161,517,517,7
Jam-15,23,3166,518,518,8
Jam-15,23,3166,518,518,8
Jam-15,23,3166,518,518,8
Jam-15,23,3166,518,518,8
Jam-15,23,3166,518,518,8
Jam-15,23,3161,517,517,7
Jam-15,23,3166,518,518,8
Jam-15,23,3166,518,518,8
Jam-15,23,3166,518,518,8
Jam-15,23,3166,518,518,8
