Jam-9,12,2168,268,268,268
Jam-9,12,2168,268,268,268
Jam-9,12,2183,270,270,267
Jam-9,12,2176,269,269,268
Jam-9,12,2179,269,269,273
Jam-9,12,2201,272,272,268
Jam-9,12,2168,268,268,268
Jam-9,12,2180,269,269,273
Jam-9,12,2180,269,269,273
Jam-9,12,2179,269,269,273
Jam-9,12,2223,274,274,277
Jam-9,12,2258,278,278,276
Jam-9,12,2257,278,278,276
Jam-9,12,2192,270,270,277
Jam-9,12,2168,268,268,268
Jam-9,12,2256,278,278,276
Jam-9,12,2229,274,274,283
Jam-9,12,2168,268,268,268
Jam-9,12,2168,268,268,268
Jam-9,12,2180,269,269,273
Jam-9,12,2168,268,268,268
Jam-9,12,2175,269,269,268
Jam-9,12,2226,275,275,272
Jam-9,12,2209,273,273,267
Jam-9,12,2168,268,268,268
Jam-9,12,2168,268,268,268
Jam-9,12,2213,273,273,273
Jam-9,12,2213,273,273,275
Jam-9,12,2268,279,279,279
Jam-9,12,2168,268,268,268
Jam-9,12,2261,278,278,280
Jam-9,12,2168,268,268,268
Jam-9,12,2184,270,270,269
Jam-9,12,2179,269,269,273
Jam-9,12,2183,270,270,267
Jam-9,12,2215,273,273,278
Jam-9,12,2181,269,269,273
Jam-9,12,2193,271,271,269
Jam-9,12,2177,269,269,269
Jam-9,12,2251,277,277,277
Jam-9,12,2215,274,274,268
Jam-9,12,2179,269,269,273
Jam-9,12,2210,273,273,268
Jam-9,12,2178,269,269,269
Jam-9,12,2199,271,271,279
Jam-9,12,2168,268,268,268
Jam-9,12,2239,276,276,272
Jam-9,12,2270,279,279,279
Jam-9,12,2178,269,269,269
Jam-9,12,2179,269,269,273
Jam-9,12,2211,272,272,282
Jam-9,12,2204,272,272,274
Jam-9,12,2203,272,272,272
Jam-9,12,2221,274,274,275
Jam-9,12,2234,276,276,268
Jam-9,12,2186,270,270,269
Jam-9,12,2192,271,271,269
Jam-9,12,2253,277,277,281
Jam-9,12,2203,272,272,275
Jam-9,12,2225,274,274,277
Jam-9,12,2259,278,278,276
Jam-9,12,2218,273,273,278
Jam-9,12,2196,271,271,275
Jam-9,12,2189,270,270,274
Jam-9,12,2269,279,279,279
Jam-9,12,2181,269,269,273
Jam-9,12,2193,270,270,278
Jam-9,12,2168,268,268,268
Jam-9,12,2236,276,276,273
Jam-9,12,2224,274,274,280
Jam-9,12,2168,268,268,268
Jam-9,12,2168,268,268,268
Jam-9,12,2168,268,268,268
Jam-9,12,2242,276,276,282
Jam-9,12,2188,270,270,274
Jam-9,12,2168,268,268,268
Jam-9,12,2168,268,268,268
Jam-9,12,2168,268,268,268
Jam-9,12,2168,268,268,268
Jam-9,12,2244,276,276,278
Jam-9,12,2239,275,275,286
Jam-9,12,2213,273,273,274
Jam-9,12,2168,268,268,268
Jam-9,12,2206,272,272,274
Jam-9,12,2210,272,272,277
Jam-9,12,2168,268,268,268
Jam-9,12,2259,278,278,276
Jam-9,12,2195,271,271,273
Jam-9,12,2168,268,268,268
Jam-9,12,2185,270,270,269
Jam-9,12,2179,269,269,273
Jam-9,12,2168,268,268,268
Jam-9,12,2168,268,268,268
Jam-9,12,2198,271,271,273
Jam-9,12,2168,268,268,268
Jam-9,12,2168,268,268,268
Jam-9,12,2168,268,268,268
Jam-9,12,2168,268,268,268
Jam-9,12,2168,268,268,268
Jam-9,12,2268,279,279,279
