Jam-3,14,5622,574,574,184
Jam-3,14,5592,571,571,184
Jam-3,14,5602,572,572,184
Jam-3,14,5602,572,572,184
Jam-3,14,5592,571,571,184
Jam-3,14,5582,570,570,184
Jam-3,14,5612,573,573,184
Jam-3,14,5582,570,570,184
Jam-3,14,5602,572,572,184
Jam-3,14,5612,573,573,184
Jam-3,14,5582,570,570,184
Jam-3,14,5582,570,570,184
Jam-3,14,5602,572,572,184
Jam-3,14,5632,575,575,184
Jam-3,14,5602,572,572,184
Jam-3,14,5632,575,575,184
Jam-3,14,5582,570,570,184
Jam-3,14,5602,572,572,184
Jam-3,14,5622,574,574,184
Jam-3,14,5582,570,570,184
Jam-3,14,5612,573,573,184
Jam-3,14,5582,570,570,184
Jam-3,14,5602,572,572,184
Jam-3,14,5602,572,572,184
Jam-3,14,5582,570,570,184
Jam-3,14,5602,572,572,184
Jam-3,14,5592,571,571,184
Jam-3,14,5592,571,571,184
Jam-3,14,5592,571,571,184
Jam-3,14,5592,571,571,184
Jam-3,14,5642,576,576,184
Jam-3,14,5612,573,573,184
Jam-3,14,5602,572,572,184
Jam-3,14,5612,573,573,184
Jam-3,14,5582,570,570,184
Jam-3,14,5602,572,572,184
Jam-3,14,5622,574,574,184
Jam-3,14,5592,571,571,184
Jam-3,14,5582,570,570,184
Jam-3,14,5582,570,570,184
Jam-3,14,5592,571,571,184
Jam-3,14,5592,571,571,184
Jam-3,14,5582,570,570,184
Jam-3,14,5582,570,570,184
Jam-3,14,5592,571,571,184
Jam-3,14,5612,573,573,184
Jam-3,14,5622,574,574,184
Jam-3,14,5602,572,572,184
Jam-3,14,5602,572,572,184
Jam-3,14,5592,571,571,184
Jam-3,14,5582,570,570,184
Jam-3,14,5602,572,572,184
Jam-3,14,5592,571,571,184
Jam-3,14,5612,573,573,184
Jam-3,14,5582,570,570,184
Jam-3,14,5612,573,573,184
Jam-3,14,5612,573,573,184
Jam-3,14,5612,573,573,184
Jam-3,14,5582,570,570,184
Jam-3,14,5592,571,571,184
Jam-3,14,5582,570,570,184
Jam-3,14,5592,571,571,184
Jam-3,14,5592,571,571,184
Jam-3,14,5592,571,571,184
Jam-3,14,5622,574,574,184
Jam-3,14,5582,570,570,184
Jam-3,14,5642,576,576,184
Jam-3,14,5622,574,574,184
Jam-3,14,5622,574,574,184
Jam-3,14,5602,572,572,184
Jam-3,14,5582,570,570,184
Jam-3,14,5582,570,570,184
Jam-3,14,5612,573,573,184
Jam-3,14,5612,573,573,184
Jam-3,14,5582,570,570,184
Jam-3,14,5592,571,571,184
Jam-3,14,5602,572,572,184
Jam-3,14,5592,571,571,184
Jam-3,14,5592,571,571,184
Jam-3,14,5592,571,571,184
Jam-3,14,5582,570,570,184
Jam-3,14,5582,570,570,184
Jam-3,14,5622,574,574,184
Jam-3,14,5622,574,574,184
Jam-3,14,5612,573,573,184
Jam-3,14,5602,572,572,184
Jam-3,14,5612,573,573,184
Jam-3,14,5632,575,575,184
Jam-3,14,5602,572,572,184
Jam-3,14,5612,573,573,184
Jam-3,14,5592,571,571,184
Jam-3,14,5582,570,570,184
Jam-3,14,5582,570,570,184
Jam-3,14,5602,572,572,184
Jam-3,14,5602,572,572,184
Jam-3,14,5592,571,571,184
Jam-3,14,5622,574,574,184
Jam-3,14,5612,573,573,184
Jam-3,14,5582,570,570,184
Jam-3,14,5582,570,570,184
