Jam-8,12,6462,949,949,2
Jam-8,12,6459,948,948,3
Jam-8,12,6465,950,950,1
Jam-8,12,6459,948,948,3
Jam-8,12,6465,950,950,1
Jam-8,12,6465,950,950,1
Jam-8,12,6465,950,950,1
Jam-8,12,6465,950,950,1
Jam-8,12,6465,950,950,1
Jam-8,12,6462,949,949,2
Jam-8,12,6465,950,950,1
Jam-8,12,6465,950,950,1
Jam-8,12,6459,948,948,3
Jam-8,12,6459,948,948,3
Jam-8,12,6462,949,949,2
Jam-8,12,6459,948,948,3
Jam-8,12,6459,948,948,3
Jam-8,12,6459,948,948,3
Jam-8,12,6459,948,948,3
Jam-8,12,6459,948,948,3
Jam-8,12,6459,948,948,3
Jam-8,12,6459,948,948,3
Jam-8,12,6465,950,950,1
Jam-8,12,6462,949,949,2
Jam-8,12,6465,950,950,1
Jam-8,12,6465,950,950,1
Jam-8,12,6465,950,950,1
Jam-8,12,6462,949,949,2
Jam-8,12,6465,950,950,1
Jam-8,12,6462,949,949,2
Jam-8,12,6462,949,949,2
Jam-8,12,6459,948,948,3
Jam-8,12,6465,950,950,1
Jam-8,12,6465,950,950,1
Jam-8,12,6462,949,949,2
Jam-8,12,6459,948,948,3
Jam-8,12,6465,950,950,1
Jam-8,12,6459,948,948,3
Jam-8,12,6459,948,948,3
Jam-8,12,6465,950,950,1
Jam-8,12,6459,948,948,3
Jam-8,12,6462,949,949,2
Jam-8,12,6459,948,948,3
Jam-8,12,6459,948,948,3
Jam-8,12,6459,948,948,3
Jam-8,12,6459,948,948,3
Jam-8,12,6462,949,949,2
Jam-8,12,6459,948,948,3
Jam-8,12,6459,948,948,3
Jam-8,12,6465,950,950,1
Jam-8,12,6462,949,949,2
Jam-8,12,6459,948,948,3
Jam-8,12,6465,950,950,1
Jam-8,12,6459,948,948,3
Jam-8,12,6459,948,948,3
Jam-8,12,6462,949,949,2
Jam-8,12,6459,948,948,3
Jam-8,12,6459,948,948,3
Jam-8,12,6459,948,948,3
Jam-8,12,6465,950,950,1
Jam-8,12,6462,949,949,2
Jam-8,12,6462,949,949,2
Jam-8,12,6459,948,948,3
Jam-8,12,6462,949,949,2
Jam-8,12,6462,949,949,2
Jam-8,12,6465,950,950,1
Jam-8,12,6459,948,948,3
Jam-8,12,6465,950,950,1
Jam-8,12,6459,948,948,3
Jam-8,12,6465,950,950,1
Jam-8,12,6465,950,950,1
Jam-8,12,6465,950,950,1
Jam-8,12,6462,949,949,2
Jam-8,12,6465,950,950,1
Jam-8,12,6462,949,949,2
Jam-8,12,6465,950,950,1
Jam-8,12,6465,950,950,1
Jam-8,12,6462,949,949,2
Jam-8,12,6462,949,949,2
Jam-8,12,6459,948,948,3
Jam-8,12,6465,950,950,1
Jam-8,12,6465,950,950,1
Jam-8,12,6462,949,949,2
Jam-8,12,6465,950,950,1
Jam-8,12,6462,949,949,2
Jam-8,12,6459,948,948,3
Jam-8,12,6465,950,950,1
Jam-8,12,6465,950,950,1
Jam-8,12,6465,950,950,1
Jam-8,12,6459,948,948,3
Jam-8,12,6462,949,949,2
Jam-8,12,6459,948,948,3
Jam-8,12,6465,950,950,1
Jam-8,12,6459,948,948,3
Jam-8,12,6459,948,948,3
Jam-8,12,6465,950,950,1
Jam-8,12,6462,949,949,2
Jam-8,12,6462,949,949,2
Jam-8,12,6459,948,948,3
Jam-8,12,6462,949,949,2
