Jam-14,17,59086,5361,5361,2796
Jam-14,17,59250,5375,5375,2847
Jam-14,17,58868,5347,5347,2758
Jam-14,17,58939,5352,5352,2778
Jam-14,17,58920,5350,5350,2777
Jam-14,17,59438,5393,5393,2772
Jam-14,17,58843,5345,5345,2750
Jam-14,17,58843,5345,5345,2750
Jam-14,17,59053,5361,5361,2760
Jam-14,17,59072,5361,5361,2807
Jam-14,17,58914,5350,5350,2762
Jam-14,17,59139,5366,5366,2811
Jam-14,17,58928,5352,5352,2764
Jam-14,17,58843,5345,5345,2750
Jam-14,17,58872,5347,5347,2761
Jam-14,17,59027,5360,5360,2743
Jam-14,17,58967,5354,5354,2785
Jam-14,17,59081,5365,5365,2755
Jam-14,17,59009,5356,5356,2808
Jam-14,17,58887,5349,5349,2750
Jam-14,17,58965,5353,5353,2788
Jam-14,17,59197,5372,5372,2810
Jam-14,17,58918,5350,5350,2775
Jam-14,17,58885,5348,5348,2758
Jam-14,17,59250,5375,5375,2809
Jam-14,17,58972,5355,5355,2763
Jam-14,17,58859,5346,5346,2757
Jam-14,17,59064,5360,5360,2802
Jam-14,17,59116,5366,5366,2759
Jam-14,17,59123,5367,5367,2785
Jam-14,17,58911,5350,5350,2767
Jam-14,17,58873,5347,5347,2755
Jam-14,17,58969,5353,5353,2785
Jam-14,17,58939,5352,5352,2775
Jam-14,17,58855,5346,5346,2749
Jam-14,17,58946,5353,5353,2772
Jam-14,17,59108,5364,5364,2794
Jam-14,17,58949,5353,5353,2765
Jam-14,17,59060,5359,5359,2794
Jam-14,17,58993,5356,5356,2778
Jam-14,17,59024,5357,5357,2791
Jam-14,17,59064,5361,5361,2772
Jam-14,17,59098,5366,5366,2748
Jam-14,17,58971,5353,5353,2791
Jam-14,17,58929,5351,5351,2776
Jam-14,17,58954,5353,5353,2759
Jam-14,17,59061,5361,5361,2787
Jam-14,17,58858,5346,5346,2750
Jam-14,17,58984,5355,5355,2783
Jam-14,17,59149,5369,5369,2776
Jam-14,17,58998,5356,5356,2797
Jam-14,17,58899,5351,5351,2756
Jam-14,17,58869,5347,5347,2757
Jam-14,17,58908,5350,5350,2759
Jam-14,17,58954,5353,5353,2780
Jam-14,17,58952,5353,5353,2784
Jam-14,17,59278,5378,5378,2810
Jam-14,17,58957,5353,5353,2774
Jam-14,17,59035,5359,5359,2774
Jam-14,17,58979,5355,5355,2770
Jam-14,17,59023,5357,5357,2793
Jam-14,17,58960,5354,5354,2756
Jam-14,17,58931,5351,5351,2770
Jam-14,17,58884,5348,5348,2764
Jam-14,17,58955,5353,5353,2768
Jam-14,17,59236,5373,5373,2811
Jam-14,17,59244,5375,5375,2809
Jam-14,17,58971,5354,5354,2784
Jam-14,17,58913,5351,5351,2764
Jam-14,17,59045,5360,5360,2795
Jam-14,17,59142,5367,5367,2799
Jam-14,17,58993,5355,5355,2788
Jam-14,17,58900,5350,5350,2754
Jam-14,17,59294,5379,5379,2790
Jam-14,17,59094,5365,5365,2794
Jam-14,17,58933,5351,5351,2777
Jam-14,17,58857,5346,5346,2755
Jam-14,17,59082,5363,5363,2772
Jam-14,17,58843,5345,5345,2750
Jam-14,17,59038,5359,5359,2788
Jam-14,17,59078,5363,5363,2778
Jam-14,17,59215,5371,5371,2824
Jam-14,17,59041,5360,5360,2787
Jam-14,17,58856,5346,5346,2750
Jam-14,17,59277,5375,5375,2845
Jam-14,17,59093,5363,5363,2795
Jam-14,17,59170,5370,5370,2790
Jam-14,17,59118,5368,5368,2773
Jam-14,17,58886,5348,5348,2768
Jam-14,17,59025,5358,5358,2791
Jam-14,17,58885,5348,5348,2763
Jam-14,17,59194,5372,5372,2785
Jam-14,17,59026,5357,5357,2790
Jam-14,17,59109,5367,5367,2757
Jam-14,17,58970,5354,5354,2768
Jam-14,17,59214,5374,5374,2787
Jam-14,17,59094,5363,5363,2791
Jam-14,17,59009,5357,5357,2781
Jam-14,17,59282,5378,5378,2789
Jam-14,17,58915,5351,5351,2759
