Jam-13,16,19996,2354,2354,1075
Jam-13,16,19996,2354,2354,1072
Jam-13,16,19984,2353,2353,1072
Jam-13,16,19973,2352,2352,1068
Jam-13,16,20007,2355,2355,1076
Jam-13,16,20007,2355,2355,1076
Jam-13,16,19984,2353,2353,1072
Jam-13,16,20007,2355,2355,1076
Jam-13,16,19985,2353,2353,1071
Jam-13,16,19973,2352,2352,1068
Jam-13,16,19984,2353,2353,1072
Jam-13,16,19973,2352,2352,1068
Jam-13,16,19973,2352,2352,1068
Jam-13,16,19973,2352,2352,1068
Jam-13,16,19985,2353,2353,1071
Jam-13,16,19996,2354,2354,1075
Jam-13,16,19973,2352,2352,1068
Jam-13,16,19985,2353,2353,1071
Jam-13,16,19973,2352,2352,1068
Jam-13,16,20007,2355,2355,1076
Jam-13,16,19973,2352,2352,1068
Jam-13,16,19973,2352,2352,1068
Jam-13,16,19984,2353,2353,1069
Jam-13,16,19973,2352,2352,1068
Jam-13,16,20007,2355,2355,1076
Jam-13,16,19984,2353,2353,1072
Jam-13,16,19984,2353,2353,1072
Jam-13,16,19996,2354,2354,1072
Jam-13,16,20007,2355,2355,1076
Jam-13,16,20007,2355,2355,1076
Jam-13,16,19995,2354,2354,1073
Jam-13,16,19973,2352,2352,1068
Jam-13,16,20007,2355,2355,1076
Jam-13,16,20007,2355,2355,1076
Jam-13,16,20007,2355,2355,1076
Jam-13,16,19984,2353,2353,1072
Jam-13,16,20007,2355,2355,1076
Jam-13,16,19973,2352,2352,1068
Jam-13,16,19973,2352,2352,1068
Jam-13,16,19985,2353,2353,1071
Jam-13,16,19984,2353,2353,1069
Jam-13,16,19996,2354,2354,1075
Jam-13,16,19973,2352,2352,1068
Jam-13,16,20007,2355,2355,1076
Jam-13,16,19996,2354,2354,1075
Jam-13,16,19973,2352,2352,1068
Jam-13,16,19984,2353,2353,1072
Jam-13,16,19973,2352,2352,1068
Jam-13,16,20007,2355,2355,1076
Jam-13,16,19973,2352,2352,1068
Jam-13,16,19985,2353,2353,1071
Jam-13,16,19995,2354,2354,1073
Jam-13,16,20007,2355,2355,1076
Jam-13,16,19996,2354,2354,1075
Jam-13,16,19973,2352,2352,1068
Jam-13,16,20007,2355,2355,1076
Jam-13,16,20007,2355,2355,1076
Jam-13,16,19973,2352,2352,1068
Jam-13,16,20007,2355,2355,1076
Jam-13,16,19996,2354,2354,1072
Jam-13,16,19984,2353,2353,1069
Jam-13,16,19984,2353,2353,1069
Jam-13,16,19973,2352,2352,1068
Jam-13,16,19984,2353,2353,1072
Jam-13,16,19996,2354,2354,1072
Jam-13,16,19996,2354,2354,1072
Jam-13,16,19973,2352,2352,1068
Jam-13,16,19973,2352,2352,1068
Jam-13,16,19984,2353,2353,1072
Jam-13,16,19973,2352,2352,1068
Jam-13,16,19995,2354,2354,1073
Jam-13,16,20007,2355,2355,1076
Jam-13,16,19984,2353,2353,1072
Jam-13,16,19973,2352,2352,1068
Jam-13,16,20007,2355,2355,1076
Jam-13,16,19996,2354,2354,1075
Jam-13,16,19996,2354,2354,1075
Jam-13,16,20007,2355,2355,1076
Jam-13,16,20007,2355,2355,1076
Jam-13,16,20007,2355,2355,1076
Jam-13,16,20007,2355,2355,1076
Jam-13,16,19973,2352,2352,1068
Jam-13,16,19984,2353,2353,1072
Jam-13,16,19996,2354,2354,1075
Jam-13,16,19984,2353,2353,1072
Jam-13,16,19995,2354,2354,1073
Jam-13,16,19973,2352,2352,1068
Jam-13,16,19984,2353,2353,1069
Jam-13,16,20007,2355,2355,1076
Jam-13,16,19984,2353,2353,1072
Jam-13,16,20007,2355,2355,1076
Jam-13,16,19973,2352,2352,1068
Jam-13,16,20007,2355,2355,1076
Jam-13,16,19973,2352,2352,1068
Jam-13,16,19996,2354,2354,1075
Jam-13,16,19973,2352,2352,1068
Jam-13,16,19984,2353,2353,1069
Jam-13,16,20007,2355,2355,1076
Jam-13,16,19973,2352,2352,1068
Jam-13,16,19984,2353,2353,1072
