Jam-20,10,5075,581,581,466
Jam-20,10,5077,581,581,466
Jam-20,10,5075,581,581,466
Jam-20,10,5053,579,579,462
Jam-20,10,5089,582,582,467
Jam-20,10,5110,584,584,469
Jam-20,10,5083,582,582,467
Jam-20,10,5064,580,580,463
Jam-20,10,5081,582,582,465
Jam-20,10,5065,580,580,463
Jam-20,10,5080,582,582,465
Jam-20,10,5130,586,586,469
Jam-20,10,5079,582,582,465
Jam-20,10,5053,579,579,462
Jam-20,10,5064,580,580,463
Jam-20,10,5053,579,579,462
Jam-20,10,5066,580,580,465
Jam-20,10,5133,587,587,472
Jam-20,10,5078,582,582,465
Jam-20,10,5064,580,580,463
Jam-20,10,5096,583,583,470
Jam-20,10,5078,581,581,464
Jam-20,10,5076,581,581,466
Jam-20,10,5074,581,581,464
Jam-20,10,5067,580,580,465
Jam-20,10,5087,582,582,467
Jam-20,10,5053,579,579,462
Jam-20,10,5065,580,580,463
Jam-20,10,5062,580,580,463
Jam-20,10,5107,584,584,469
Jam-20,10,5075,581,581,464
Jam-20,10,5062,580,580,463
Jam-20,10,5065,580,580,465
Jam-20,10,5065,580,580,463
Jam-20,10,5107,584,584,467
Jam-20,10,5074,581,581,466
Jam-20,10,5073,581,581,464
Jam-20,10,5104,584,584,469
Jam-20,10,5092,582,582,467
Jam-20,10,5086,582,582,465
Jam-20,10,5065,580,580,463
Jam-20,10,5086,582,582,467
Jam-20,10,5053,579,579,462
Jam-20,10,5107,584,584,467
Jam-20,10,5120,585,585,470
Jam-20,10,5077,581,581,466
Jam-20,10,5075,581,581,466
Jam-20,10,5104,584,584,469
Jam-20,10,5075,581,581,464
Jam-20,10,5110,584,584,471
Jam-20,10,5076,581,581,466
Jam-20,10,5117,585,585,470
Jam-20,10,5065,580,580,465
Jam-20,10,5077,581,581,466
Jam-20,10,5110,584,584,469
Jam-20,10,5053,579,579,462
Jam-20,10,5127,586,586,473
Jam-20,10,5112,585,585,470
Jam-20,10,5053,579,579,462
Jam-20,10,5053,579,579,462
Jam-20,10,5088,582,582,467
Jam-20,10,5065,580,580,463
Jam-20,10,5088,582,582,467
Jam-20,10,5085,582,582,465
Jam-20,10,5088,582,582,467
Jam-20,10,5053,579,579,462
Jam-20,10,5116,585,585,472
Jam-20,10,5077,581,581,466
Jam-20,10,5099,583,583,470
Jam-20,10,5064,580,580,463
Jam-20,10,5084,582,582,465
Jam-20,10,5053,579,579,462
Jam-20,10,5053,579,579,462
Jam-20,10,5077,581,581,466
Jam-20,10,5062,580,580,463
Jam-20,10,5077,581,581,464
Jam-20,10,5100,584,584,469
Jam-20,10,5103,584,584,471
Jam-20,10,5163,589,589,478
Jam-20,10,5065,580,580,463
Jam-20,10,5053,579,579,462
Jam-20,10,5063,580,580,463
Jam-20,10,5065,580,580,463
Jam-20,10,5053,579,579,462
Jam-20,10,5053,579,579,462
Jam-20,10,5080,581,581,466
Jam-20,10,5131,586,586,473
Jam-20,10,5053,579,579,462
Jam-20,10,5076,581,581,464
Jam-20,10,5073,581,581,464
Jam-20,10,5063,580,580,463
Jam-20,10,5062,580,580,463
Jam-20,10,5087,582,582,467
Jam-20,10,5102,583,583,470
Jam-20,10,5065,580,580,463
Jam-20,10,5053,579,579,462
Jam-20,10,5083,582,582,467
Jam-20,10,5128,586,586,471
Jam-20,10,5074,581,581,464
Jam-20,10,5078,581,581,466
