Jam-1,8,3449,306,306,427
Jam-1,8,3422,303,303,430
Jam-1,8,3431,304,304,429
Jam-1,8,3440,305,305,428
Jam-1,8,3422,303,303,430
Jam-1,8,3422,303,303,430
Jam-1,8,3422,303,303,430
Jam-1,8,3422,303,303,430
Jam-1,8,3422,303,303,430
Jam-1,8,3422,303,303,430
Jam-1,8,3440,305,305,428
Jam-1,8,3439,305,305,428
Jam-1,8,3440,305,305,428
Jam-1,8,3422,303,303,430
Jam-1,8,3448,306,306,427
Jam-1,8,3430,304,304,429
Jam-1,8,3458,307,307,426
Jam-1,8,3422,303,303,430
Jam-1,8,3458,307,307,426
Jam-1,8,3456,307,307,426
Jam-1,8,3422,303,303,430
Jam-1,8,3422,303,303,430
Jam-1,8,3430,304,304,429
Jam-1,8,3439,305,305,428
Jam-1,8,3440,305,305,428
Jam-1,8,3422,303,303,430
Jam-1,8,3430,304,304,429
Jam-1,8,3430,304,304,429
Jam-1,8,3447,306,306,427
Jam-1,8,3422,303,303,430
Jam-1,8,3456,307,307,426
Jam-1,8,3449,306,306,427
Jam-1,8,3440,305,305,428
Jam-1,8,3422,303,303,430
Jam-1,8,3422,303,303,430
Jam-1,8,3422,303,303,430
Jam-1,8,3422,303,303,430
Jam-1,8,3422,303,303,430
Jam-1,8,3440,305,305,428
Jam-1,8,3440,305,305,428
Jam-1,8,3458,307,307,426
Jam-1,8,3431,304,304,429
Jam-1,8,3431,304,304,429
Jam-1,8,3422,303,303,430
Jam-1,8,3422,303,303,430
Jam-1,8,3456,307,307,426
Jam-1,8,3422,303,303,430
Jam-1,8,3430,304,304,429
Jam-1,8,3440,305,305,428
Jam-1,8,3422,303,303,430
Jam-1,8,3449,306,306,427
Jam-1,8,3422,303,303,430
Jam-1,8,3440,305,305,428
Jam-1,8,3422,303,303,430
Jam-1,8,3422,303,303,430
Jam-1,8,3440,305,305,428
Jam-1,8,3448,306,306,427
Jam-1,8,3431,304,304,429
Jam-1,8,3456,307,307,426
Jam-1,8,3438,305,305,428
Jam-1,8,3448,306,306,427
Jam-1,8,3448,306,306,427
Jam-1,8,3422,303,303,430
Jam-1,8,3422,303,303,430
Jam-1,8,3430,304,304,429
Jam-1,8,3458,307,307,426
Jam-1,8,3422,303,303,430
Jam-1,8,3440,305,305,428
Jam-1,8,3422,303,303,430
Jam-1,8,3456,307,307,426
Jam-1,8,3438,305,305,428
Jam-1,8,3447,306,306,427
Jam-1,8,3431,304,304,429
Jam-1,8,3422,303,303,430
Jam-1,8,3467,308,308,425
Jam-1,8,3430,304,304,429
Jam-1,8,3430,304,304,429
Jam-1,8,3457,307,307,426
Jam-1,8,3422,303,303,430
Jam-1,8,3448,306,306,427
Jam-1,8,3456,307,307,426
Jam-1,8,3465,308,308,425
Jam-1,8,3431,304,304,429
Jam-1,8,3422,303,303,430
Jam-1,8,3465,308,308,425
Jam-1,8,3438,305,305,428
Jam-1,8,3422,303,303,430
Jam-1,8,3422,303,303,430
Jam-1,8,3422,303,303,430
Jam-1,8,3440,305,305,428
Jam-1,8,3422,303,303,430
Jam-1,8,3458,307,307,426
Jam-1,8,3475,309,309,424
Jam-1,8,3476,309,309,424
Jam-1,8,3431,304,304,429
Jam-1,8,3431,304,304,429
Jam-1,8,3431,304,304,429
Jam-1,8,3422,303,303,430
Jam-1,8,3440,305,305,428
Jam-1,8,3447,306,306,427
