12
11
36
25
12
13
11
14
13
15
20
23
20
14
18
13
18
15
11
11
14
13
20
14
14
13
11
15
15
13
14
30
15
11
13
11
22
13
13
29
21
18
23
11
21
25
18
19
16
17
15
19
16
20
12
14
15
18
19
14
18
17
22
14
11
30
12
15
25
20
18
19
13
15
17
21
19
14
19
20
16
19
21
17
14
16
23
12
16
13
16
14
18
20
11
13
9
15
15
13
14
15
19
27
12
20
15
21
16
15
11
21
14
27
10
17
17
13
17
17
19
9
15
13
14
11
14
15
15
12
10
12
18
9
14
14
17
15
17
10
16
19
11
12
10
11
13
24
15
23
19
16
16
13
16
11
14
11
10
12
15
11
15
17
12
11
11
21
14
17
13
12
12
14
11
14
11
13
12
21
22
13
21
20
11
12
13
10
14
12
17
14
11
15
9
11
12
12
10
10
11
13
18
9
14
11
13
10
14
14
13
14
10
10
12
14
11
9
11
14
11
15
12
15
11
9
14
9
16
11
9
11
23
15
11
12
13
11
10
15
13
15
14
14
12
13
15
12
12
11
9
11
14
11
9
12
10
17
11
11
9
16
13
10
10
11
17
13
12
10
13
11
14
10
10
10
14
15
11
9
12
15
13
12
18
19
12
12
16
22
12
18
11
9
13
11
12
11
11
9
12
10
15
11
11
10
19
14
13
10
18
11
14
12
10
15
11
13
11
16
11
23
10
14
18
11
14
9
10
11
10
9
10
9
10
19
14
14
9
16
13
14
13
13
11
10
13
11
21
12
13
13
14
15
16
14
19
17
13
10
12
10
10
13
12
11
16
11
13
13
14
19
12
10
13
12
10
14
21
9
10
13
11
16
11
11
9
14
11
11
9
11
12
10
11
12
12
16
15
10
13
12
10
16
11
15
10
11
14
13
12
16
18
12
14
16
14
14
13
12
9
12
16
13
10
11
12
9
14
13
10
11
13
9
15
10
19
13
14
11
12
21
11
14
12
12
14
10
13
15
10
11
13
10
16
9
13
11
10
12
11
14
12
11
18
16
11
11
11
12
10
10
13
13
11
10
11
12
18
15
14
10
9
12
11
13
10
12
11
11
14
10
14
15
11
11
12
13
19
13
