12
44
13
36
27
18
21
41
32
21
16
24
29
31
34
31
38
22
20
24
35
21
20
24
15
39
24
32
79
15
70
16
22
25
20
16
20
16
16
13
14
31
14
68
17
39
21
17
19
17
28
40
17
19
16
18
35
18
15
30
16
28
24
19
24
30
19
16
20
16
22
28
23
13
22
17
15
12
32
25
22
10
23
12
12
13
18
23
20
14
21
15
18
13
18
27
20
23
19
18
16
19
26
18
15
19
20
17
16
31
24
15
40
25
25
16
19
34
9
19
15
24
15
22
29
26
27
19
18
31
12
21
26
26
30
19
12
23
20
16
25
24
15
20
22
13
34
34
20
12
17
18
19
17
23
14
16
27
13
20
13
21
22
14
21
19
19
17
23
16
11
16
18
17
14
16
20
15
19
11
30
11
14
20
19
13
21
20
20
11
16
20
19
22
12
18
17
16
24
12
13
21
14
33
21
17
18
18
23
17
21
12
26
15
26
13
17
13
15
28
26
24
38
15
20
21
12
23
22
15
14
10
20
17
13
25
11
19
12
27
13
18
17
17
12
11
18
15
13
14
12
36
17
13
16
20
13
9
22
13
14
10
18
15
15
21
17
13
30
17
13
22
28
15
15
18
23
19
14
16
32
13
12
16
19
22
19
17
11
22
25
20
11
25
23
14
20
19
21
18
10
21
11
20
17
16
10
29
25
28
21
11
21
12
20
27
22
20
18
15
31
25
20
22
21
17
22
17
15
18
22
22
20
19
14
16
22
15
17
16
14
13
25
14
21
16
14
17
11
26
18
11
14
21
18
16
22
15
13
23
11
22
15
14
19
29
13
15
14
20
13
19
23
28
13
12
20
10
16
20
19
16
17
12
10
21
13
11
14
17
12
26
13
15
25
26
13
14
26
17
16
17
16
11
18
21
16
20
25
17
16
18
13
14
20
17
12
13
20
11
32
16
11
14
18
22
11
15
41
19
23
13
16
12
23
20
24
16
14
22
16
11
14
13
16
18
20
27
20
19
17
17
17
17
34
11
14
31
19
16
20
17
30
14
14
24
15
24
18
22
13
18
13
24
23
13
29
17
24
37
11
11
13
11
24
13
17
18
12
21
16
34
24
32
20
18
17
23
20
13
