Jam-1,0.675256218227,3,21
Jam-2,0.675256218227,3,2
Jam-3,0.675256218227,3,21
Jam-4,0.675256218227,3,21
Jam-5,0.675256218227,3,21
Jam-6,0.675256218227,3,21
Jam-7,0.675256218227,3,21
Jam-8,0.675256218227,3,21
Jam-9,0.675256218227,3,1
Jam-10,0.675256218227,3,21
Jam-1,0.238516425672,3,21
Jam-2,0.238516425672,3,21
Jam-3,0.238516425672,3,21
Jam-4,0.238516425672,3,21
Jam-5,0.238516425672,3,21
Jam-6,0.238516425672,3,21
Jam-7,0.238516425672,3,11
Jam-8,0.238516425672,3,21
Jam-9,0.238516425672,3,1
Jam-10,0.238516425672,3,21
Jam-1,0.238516425672,3,21
Jam-2,0.238516425672,3,21
Jam-3,0.238516425672,3,21
Jam-4,0.238516425672,3,21
Jam-5,0.238516425672,3,21
Jam-6,0.238516425672,3,21
Jam-7,0.238516425672,3,21
Jam-8,0.238516425672,3,21
Jam-9,0.238516425672,3,1
Jam-10,0.238516425672,3,21
Jam-1,0.708538795841,3,21
Jam-2,0.708538795841,3,21
Jam-3,0.708538795841,3,21
Jam-4,0.708538795841,3,21
Jam-5,0.708538795841,3,21
Jam-6,0.708538795841,3,21
Jam-7,0.708538795841,3,21
Jam-8,0.708538795841,3,21
Jam-9,0.708538795841,3,1
Jam-10,0.708538795841,3,21
Jam-1,0.730998522056,3,21
Jam-2,0.730998522056,3,21
Jam-3,0.730998522056,3,21
Jam-4,0.730998522056,3,21
Jam-5,0.730998522056,3,21
Jam-6,0.730998522056,3,21
Jam-7,0.730998522056,3,21
Jam-8,0.730998522056,3,21
Jam-9,0.730998522056,3,1
Jam-10,0.730998522056,3,21
Jam-1,0.730998522056,3,21
Jam-2,0.730998522056,3,21
Jam-3,0.730998522056,3,21
Jam-4,0.730998522056,3,21
Jam-5,0.730998522056,3,21
Jam-6,0.730998522056,3,21
Jam-7,0.730998522056,3,21
Jam-8,0.730998522056,3,21
Jam-9,0.730998522056,3,1
Jam-10,0.730998522056,3,21
Jam-1,0.933476781444,3,21
Jam-2,0.933476781444,3,21
Jam-3,0.933476781444,3,21
Jam-4,0.933476781444,3,21
Jam-5,0.933476781444,3,21
Jam-6,0.933476781444,3,21
Jam-7,0.933476781444,3,21
Jam-8,0.933476781444,3,21
Jam-9,0.933476781444,3,1
Jam-10,0.933476781444,3,21
Jam-1,0.933476781444,1,21
Jam-2,0.933476781444,1,21
Jam-3,0.933476781444,1,21
Jam-4,0.933476781444,1,21
Jam-5,0.933476781444,1,21
Jam-6,0.933476781444,1,21
Jam-7,0.933476781444,1,21
Jam-8,0.933476781444,1,21
Jam-9,0.933476781444,1,1
Jam-10,0.933476781444,1,21
Jam-1,0.933476781444,2,21
Jam-2,0.933476781444,2,21
Jam-3,0.933476781444,2,21
Jam-4,0.933476781444,2,21
Jam-5,0.933476781444,2,21
Jam-6,0.933476781444,2,21
Jam-7,0.933476781444,2,21
Jam-8,0.933476781444,2,21
Jam-9,0.933476781444,2,1
Jam-10,0.933476781444,2,21
Jam-1,0.978877418328,2,21
Jam-2,0.978877418328,2,21
Jam-3,0.978877418328,2,21
Jam-4,0.978877418328,2,21
Jam-5,0.978877418328,2,21
Jam-6,0.978877418328,2,21
Jam-7,0.978877418328,2,21
Jam-8,0.978877418328,2,21
Jam-9,0.978877418328,2,1
Jam-10,0.978877418328,2,21
Jam-1,0.978877418328,1,21
Jam-2,0.978877418328,1,21
Jam-3,0.978877418328,1,21
Jam-4,0.978877418328,1,21
Jam-5,0.978877418328,1,21
Jam-6,0.978877418328,1,21
Jam-7,0.978877418328,1,21
Jam-8,0.978877418328,1,21
Jam-9,0.978877418328,1,1
Jam-10,0.978877418328,1,21
Jam-1,0.876605055956,1,21
Jam-2,0.876605055956,1,21
Jam-3,0.876605055956,1,21
Jam-4,0.876605055956,1,21
Jam-5,0.876605055956,1,21
Jam-6,0.876605055956,1,21
Jam-7,0.876605055956,1,21
Jam-8,0.876605055956,1,21
Jam-9,0.876605055956,1,1
Jam-10,0.876605055956,1,21
Jam-1,0.876605055956,2,21
Jam-2,0.876605055956,2,21
Jam-3,0.876605055956,2,21
Jam-4,0.876605055956,2,21
Jam-5,0.876605055956,2,21
Jam-6,0.876605055956,2,21
Jam-7,0.876605055956,2,21
Jam-8,0.876605055956,2,21
Jam-9,0.876605055956,2,1
Jam-10,0.876605055956,2,21
Jam-1,0.876605055956,3,21
Jam-2,0.876605055956,3,21
Jam-3,0.876605055956,3,21
Jam-4,0.876605055956,3,21
Jam-5,0.876605055956,3,21
Jam-6,0.876605055956,3,21
Jam-7,0.876605055956,3,21
Jam-8,0.876605055956,3,21
Jam-9,0.876605055956,3,1
Jam-10,0.876605055956,3,21
Jam-1,0.418283360982,3,21
Jam-2,0.418283360982,3,21
Jam-3,0.418283360982,3,21
Jam-4,0.418283360982,3,21
Jam-5,0.418283360982,3,21
Jam-6,0.418283360982,3,21
Jam-7,0.418283360982,3,21
Jam-8,0.418283360982,3,21
Jam-9,0.418283360982,3,1
Jam-10,0.418283360982,3,21
Jam-1,0.460775896697,3,21
Jam-2,0.460775896697,3,21
Jam-3,0.460775896697,3,21
Jam-4,0.460775896697,3,21
Jam-5,0.460775896697,3,21
Jam-6,0.460775896697,3,21
Jam-7,0.460775896697,3,21
Jam-8,0.460775896697,3,21
Jam-9,0.460775896697,3,1
Jam-10,0.460775896697,3,21
Jam-1,0.460775896697,1,21
Jam-2,0.460775896697,1,21
Jam-3,0.460775896697,1,21
Jam-4,0.460775896697,1,21
Jam-5,0.460775896697,1,21
Jam-6,0.460775896697,1,21
Jam-7,0.460775896697,1,21
Jam-8,0.460775896697,1,21
Jam-9,0.460775896697,1,1
Jam-10,0.460775896697,1,21
Jam-1,0.460775896697,3,21
Jam-2,0.460775896697,3,21
Jam-3,0.460775896697,3,21
Jam-4,0.460775896697,3,21
Jam-5,0.460775896697,3,21
Jam-6,0.460775896697,3,21
Jam-7,0.460775896697,3,21
Jam-8,0.460775896697,3,21
Jam-9,0.460775896697,3,1
Jam-10,0.460775896697,3,21
Jam-1,0.460775896697,3,21
Jam-2,0.460775896697,3,21
Jam-3,0.460775896697,3,21
Jam-4,0.460775896697,3,21
Jam-5,0.460775896697,3,21
Jam-6,0.460775896697,3,21
Jam-7,0.460775896697,3,21
Jam-8,0.460775896697,3,21
Jam-9,0.460775896697,3,1
Jam-10,0.460775896697,3,21
Jam-1,0.654105946063,3,21
Jam-2,0.654105946063,3,21
Jam-3,0.654105946063,3,21
Jam-4,0.654105946063,3,21
Jam-5,0.654105946063,3,21
Jam-6,0.654105946063,3,21
Jam-7,0.654105946063,3,21
Jam-8,0.654105946063,3,21
Jam-9,0.654105946063,3,1
Jam-10,0.654105946063,3,21
Jam-1,0.0392288221565,3,21
Jam-2,0.0392288221565,3,21
Jam-3,0.0392288221565,3,21
Jam-4,0.0392288221565,3,21
Jam-5,0.0392288221565,3,21
Jam-6,0.0392288221565,3,21
Jam-7,0.0392288221565,3,21
Jam-8,0.0392288221565,3,21
Jam-9,0.0392288221565,3,1
Jam-10,0.0392288221565,3,21
Jam-1,0.0392288221565,1,21
Jam-2,0.0392288221565,1,21
Jam-3,0.0392288221565,1,21
Jam-4,0.0392288221565,1,21
Jam-5,0.0392288221565,1,21
Jam-6,0.0392288221565,1,21
Jam-7,0.0392288221565,1,21
Jam-8,0.0392288221565,1,21
Jam-9,0.0392288221565,1,1
Jam-10,0.0392288221565,1,21
Jam-1,0.0392288221565,3,21
Jam-2,0.0392288221565,3,21
Jam-3,0.0392288221565,3,21
Jam-4,0.0392288221565,3,21
Jam-5,0.0392288221565,3,21
Jam-6,0.0392288221565,3,21
Jam-7,0.0392288221565,3,21
Jam-8,0.0392288221565,3,21
Jam-9,0.0392288221565,3,1
Jam-10,0.0392288221565,3,21
Jam-1,0.0392288221565,1,21
Jam-2,0.0392288221565,1,21
Jam-3,0.0392288221565,1,21
Jam-4,0.0392288221565,1,21
Jam-5,0.0392288221565,1,21
Jam-6,0.0392288221565,1,21
Jam-7,0.0392288221565,1,21
Jam-8,0.0392288221565,1,21
Jam-9,0.0392288221565,1,1
Jam-10,0.0392288221565,1,21
Jam-1,0.380143331656,1,21
Jam-2,0.380143331656,1,21
Jam-3,0.380143331656,1,21
Jam-4,0.380143331656,1,21
Jam-5,0.380143331656,1,21
Jam-6,0.380143331656,1,21
Jam-7,0.380143331656,1,21
Jam-8,0.380143331656,1,21
Jam-9,0.380143331656,1,1
Jam-10,0.380143331656,1,21
Jam-1,0.622805528978,1,21
Jam-2,0.622805528978,1,21
Jam-3,0.622805528978,1,21
Jam-4,0.622805528978,1,21
Jam-5,0.622805528978,1,21
Jam-6,0.622805528978,1,21
Jam-7,0.622805528978,1,21
Jam-8,0.622805528978,1,21
Jam-9,0.622805528978,1,1
Jam-10,0.622805528978,1,21
Jam-1,0.622805528978,1,21
Jam-2,0.622805528978,1,21
Jam-3,0.622805528978,1,21
Jam-4,0.622805528978,1,21
Jam-5,0.622805528978,1,21
Jam-6,0.622805528978,1,21
Jam-7,0.622805528978,1,21
Jam-8,0.622805528978,1,21
Jam-9,0.622805528978,1,1
Jam-10,0.622805528978,1,21
Jam-1,0.668390275874,1,21
Jam-2,0.668390275874,1,21
Jam-3,0.668390275874,1,21
Jam-4,0.668390275874,1,21
Jam-5,0.668390275874,1,21
Jam-6,0.668390275874,1,21
Jam-7,0.668390275874,1,21
Jam-8,0.668390275874,1,21
Jam-9,0.668390275874,1,1
Jam-10,0.668390275874,1,21
Jam-1,0.668390275874,2,21
Jam-2,0.668390275874,2,21
Jam-3,0.668390275874,2,21
Jam-4,0.668390275874,2,21
Jam-5,0.668390275874,2,21
Jam-6,0.668390275874,2,21
Jam-7,0.668390275874,2,21
Jam-8,0.668390275874,2,21
Jam-9,0.668390275874,2,1
Jam-10,0.668390275874,2,21
Jam-1,0.868976749057,2,21
Jam-2,0.868976749057,2,21
Jam-3,0.868976749057,2,21
Jam-4,0.868976749057,2,21
Jam-5,0.868976749057,2,21
Jam-6,0.868976749057,2,21
Jam-7,0.868976749057,2,21
Jam-8,0.868976749057,2,21
Jam-9,0.868976749057,2,1
Jam-10,0.868976749057,2,21
Jam-1,0.868976749057,3,21
Jam-2,0.868976749057,3,21
Jam-3,0.868976749057,3,21
Jam-4,0.868976749057,3,21
Jam-5,0.868976749057,3,21
Jam-6,0.868976749057,3,21
Jam-7,0.868976749057,3,21
Jam-8,0.868976749057,3,21
Jam-9,0.868976749057,3,1
Jam-10,0.868976749057,3,21
Jam-1,0.23222601016,3,21
Jam-2,0.23222601016,3,21
Jam-3,0.23222601016,3,21
Jam-4,0.23222601016,3,21
Jam-5,0.23222601016,3,21
Jam-6,0.23222601016,3,21
Jam-7,0.23222601016,3,21
Jam-8,0.23222601016,3,21
Jam-9,0.23222601016,3,1
Jam-10,0.23222601016,3,21
Jam-1,0.23222601016,3,21
Jam-2,0.23222601016,3,21
Jam-3,0.23222601016,3,21
Jam-4,0.23222601016,3,21
Jam-5,0.23222601016,3,21
Jam-6,0.23222601016,3,21
Jam-7,0.23222601016,3,21
Jam-8,0.23222601016,3,21
Jam-9,0.23222601016,3,1
Jam-10,0.23222601016,3,21
Jam-1,0.413401355348,3,21
Jam-2,0.413401355348,3,21
Jam-3,0.413401355348,3,21
Jam-4,0.413401355348,3,21
Jam-5,0.413401355348,3,21
Jam-6,0.413401355348,3,21
Jam-7,0.413401355348,3,21
Jam-8,0.413401355348,3,21
Jam-9,0.413401355348,3,1
Jam-10,0.413401355348,3,21
Jam-1,0.413401355348,2,21
Jam-2,0.413401355348,2,21
Jam-3,0.413401355348,2,21
Jam-4,0.413401355348,2,21
Jam-5,0.413401355348,2,21
Jam-6,0.413401355348,2,21
Jam-7,0.413401355348,2,21
Jam-8,0.413401355348,2,21
Jam-9,0.413401355348,2,1
Jam-10,0.413401355348,2,21
Jam-1,0.413401355348,2,21
Jam-2,0.413401355348,2,21
Jam-3,0.413401355348,2,21
Jam-4,0.413401355348,2,21
Jam-5,0.413401355348,2,21
Jam-6,0.413401355348,2,21
Jam-7,0.413401355348,2,21
Jam-8,0.413401355348,2,21
Jam-9,0.413401355348,2,1
Jam-10,0.413401355348,2,21
Jam-1,0.584268648533,2,21
Jam-2,0.584268648533,2,21
Jam-3,0.584268648533,2,21
Jam-4,0.584268648533,2,21
Jam-5,0.584268648533,2,21
Jam-6,0.584268648533,2,21
Jam-7,0.584268648533,2,21
Jam-8,0.584268648533,2,21
Jam-9,0.584268648533,2,1
Jam-10,0.584268648533,2,21
Jam-1,0.584268648533,1,21
Jam-2,0.584268648533,1,21
Jam-3,0.584268648533,1,21
Jam-4,0.584268648533,1,21
Jam-5,0.584268648533,1,21
Jam-6,0.584268648533,1,21
Jam-7,0.584268648533,1,21
Jam-8,0.584268648533,1,21
Jam-9,0.584268648533,1,1
Jam-10,0.584268648533,1,21
Jam-1,0.584268648533,1,21
Jam-2,0.584268648533,1,21
Jam-3,0.584268648533,1,21
Jam-4,0.584268648533,1,21
Jam-5,0.584268648533,1,21
Jam-6,0.584268648533,1,21
Jam-7,0.584268648533,1,21
Jam-8,0.584268648533,1,21
Jam-9,0.584268648533,1,1
Jam-10,0.584268648533,1,21
Jam-1,0.584268648533,1,21
Jam-2,0.584268648533,1,21
Jam-3,0.584268648533,1,21
Jam-4,0.584268648533,1,21
Jam-5,0.584268648533,1,21
Jam-6,0.584268648533,1,21
Jam-7,0.584268648533,1,21
Jam-8,0.584268648533,1,21
Jam-9,0.584268648533,1,1
Jam-10,0.584268648533,1,21
Jam-1,0.584268648533,3,21
Jam-2,0.584268648533,3,21
Jam-3,0.584268648533,3,21
Jam-4,0.584268648533,3,21
Jam-5,0.584268648533,3,21
Jam-6,0.584268648533,3,21
Jam-7,0.584268648533,3,21
Jam-8,0.584268648533,3,21
Jam-9,0.584268648533,3,1
Jam-10,0.584268648533,3,21
Jam-1,0.0520655009347,3,21
Jam-2,0.0520655009347,3,21
Jam-3,0.0520655009347,3,21
Jam-4,0.0520655009347,3,21
Jam-5,0.0520655009347,3,21
Jam-6,0.0520655009347,3,21
Jam-7,0.0520655009347,3,21
Jam-8,0.0520655009347,3,21
Jam-9,0.0520655009347,3,1
Jam-10,0.0520655009347,3,21
Jam-1,0.365225641458,3,21
Jam-2,0.365225641458,3,21
Jam-3,0.365225641458,3,21
Jam-4,0.365225641458,3,21
Jam-5,0.365225641458,3,21
Jam-6,0.365225641458,3,21
Jam-7,0.365225641458,3,21
Jam-8,0.365225641458,3,21
Jam-9,0.365225641458,3,1
Jam-10,0.365225641458,3,21
Jam-1,0.102425754365,3,21
Jam-2,0.102425754365,3,21
Jam-3,0.102425754365,3,21
Jam-4,0.102425754365,3,21
Jam-5,0.102425754365,3,21
Jam-6,0.102425754365,3,21
Jam-7,0.102425754365,3,21
Jam-8,0.102425754365,3,21
Jam-9,0.102425754365,3,1
Jam-10,0.102425754365,3,21
Jam-1,0.102425754365,1,21
Jam-2,0.102425754365,1,21
Jam-3,0.102425754365,1,21
Jam-4,0.102425754365,1,21
Jam-5,0.102425754365,1,21
Jam-6,0.102425754365,1,21
Jam-7,0.102425754365,1,21
Jam-8,0.102425754365,1,21
Jam-9,0.102425754365,1,1
Jam-10,0.102425754365,1,21
Jam-1,0.489156077957,1,21
Jam-2,0.489156077957,1,21
Jam-3,0.489156077957,1,21
Jam-4,0.489156077957,1,21
Jam-5,0.489156077957,1,21
Jam-6,0.489156077957,1,21
Jam-7,0.489156077957,1,21
Jam-8,0.489156077957,1,21
Jam-9,0.489156077957,1,1
Jam-10,0.489156077957,1,21
Jam-1,0.489156077957,2,21
Jam-2,0.489156077957,2,21
Jam-3,0.489156077957,2,21
Jam-4,0.489156077957,2,21
Jam-5,0.489156077957,2,21
Jam-6,0.489156077957,2,21
Jam-7,0.489156077957,2,21
Jam-8,0.489156077957,2,21
Jam-9,0.489156077957,2,1
Jam-10,0.489156077957,2,21
Jam-1,0.489156077957,3,21
Jam-2,0.489156077957,3,21
Jam-3,0.489156077957,3,21
Jam-4,0.489156077957,3,21
Jam-5,0.489156077957,3,21
Jam-6,0.489156077957,3,21
Jam-7,0.489156077957,3,21
Jam-8,0.489156077957,3,21
Jam-9,0.489156077957,3,1
Jam-10,0.489156077957,3,21
Jam-1,0.983489733791,3,21
Jam-2,0.983489733791,3,21
Jam-3,0.983489733791,3,21
Jam-4,0.983489733791,3,21
Jam-5,0.983489733791,3,21
Jam-6,0.983489733791,3,21
Jam-7,0.983489733791,3,21
Jam-8,0.983489733791,3,21
Jam-9,0.983489733791,3,1
Jam-10,0.983489733791,3,21
Jam-1,0.983489733791,1,21
Jam-2,0.983489733791,1,21
Jam-3,0.983489733791,1,21
Jam-4,0.983489733791,1,21
Jam-5,0.983489733791,1,21
Jam-6,0.983489733791,1,21
Jam-7,0.983489733791,1,21
Jam-8,0.983489733791,1,21
Jam-9,0.983489733791,1,1
Jam-10,0.983489733791,1,21
Jam-1,0.983489733791,3,21
Jam-2,0.983489733791,3,21
Jam-3,0.983489733791,3,21
Jam-4,0.983489733791,3,21
Jam-5,0.983489733791,3,21
Jam-6,0.983489733791,3,21
Jam-7,0.983489733791,3,21
Jam-8,0.983489733791,3,21
Jam-9,0.983489733791,3,1
Jam-10,0.983489733791,3,21
Jam-1,0.814272599963,3,21
Jam-2,0.814272599963,3,21
Jam-3,0.814272599963,3,21
Jam-4,0.814272599963,3,21
Jam-5,0.814272599963,3,21
Jam-6,0.814272599963,3,21
Jam-7,0.814272599963,3,21
Jam-8,0.814272599963,3,21
Jam-9,0.814272599963,3,1
Jam-10,0.814272599963,3,21
Jam-1,0.814272599963,1,21
Jam-2,0.814272599963,1,21
Jam-3,0.814272599963,1,21
Jam-4,0.814272599963,1,21
Jam-5,0.814272599963,1,21
Jam-6,0.814272599963,1,21
Jam-7,0.814272599963,1,21
Jam-8,0.814272599963,1,21
Jam-9,0.814272599963,1,1
Jam-10,0.814272599963,1,21
Jam-1,0.814272599963,1,21
Jam-2,0.814272599963,1,21
Jam-3,0.814272599963,1,21
Jam-4,0.814272599963,1,21
Jam-5,0.814272599963,1,21
Jam-6,0.814272599963,1,21
Jam-7,0.814272599963,1,21
Jam-8,0.814272599963,1,21
Jam-9,0.814272599963,1,1
Jam-10,0.814272599963,1,21
Jam-1,0.71124600361,1,21
Jam-2,0.71124600361,1,21
Jam-3,0.71124600361,1,21
Jam-4,0.71124600361,1,21
Jam-5,0.71124600361,1,21
Jam-6,0.71124600361,1,21
Jam-7,0.71124600361,1,21
Jam-8,0.71124600361,1,21
Jam-9,0.71124600361,1,1
Jam-10,0.71124600361,1,21
Jam-1,0.636676380977,1,21
Jam-2,0.636676380977,1,21
Jam-3,0.636676380977,1,21
Jam-4,0.636676380977,1,21
Jam-5,0.636676380977,1,21
Jam-6,0.636676380977,1,21
Jam-7,0.636676380977,1,21
Jam-8,0.636676380977,1,21
Jam-9,0.636676380977,1,1
Jam-10,0.636676380977,1,21
Jam-1,0.636676380977,2,21
Jam-2,0.636676380977,2,21
Jam-3,0.636676380977,2,21
Jam-4,0.636676380977,2,21
Jam-5,0.636676380977,2,21
Jam-6,0.636676380977,2,21
Jam-7,0.636676380977,2,21
Jam-8,0.636676380977,2,21
Jam-9,0.636676380977,2,1
Jam-10,0.636676380977,2,21
Jam-1,0.118709679274,2,21
Jam-2,0.118709679274,2,21
Jam-3,0.118709679274,2,21
Jam-4,0.118709679274,2,21
Jam-5,0.118709679274,2,21
Jam-6,0.118709679274,2,21
Jam-7,0.118709679274,2,21
Jam-8,0.118709679274,2,21
Jam-9,0.118709679274,2,1
Jam-10,0.118709679274,2,21
Jam-1,0.0109128294993,2,21
Jam-2,0.0109128294993,2,21
Jam-3,0.0109128294993,2,21
Jam-4,0.0109128294993,2,21
Jam-5,0.0109128294993,2,21
Jam-6,0.0109128294993,2,21
Jam-7,0.0109128294993,2,21
Jam-8,0.0109128294993,2,21
Jam-9,0.0109128294993,2,1
Jam-10,0.0109128294993,2,21
Jam-1,0.0854907676146,2,21
Jam-2,0.0854907676146,2,21
Jam-3,0.0854907676146,2,21
Jam-4,0.0854907676146,2,21
Jam-5,0.0854907676146,2,21
Jam-6,0.0854907676146,2,21
Jam-7,0.0854907676146,2,21
Jam-8,0.0854907676146,2,21
Jam-9,0.0854907676146,2,1
Jam-10,0.0854907676146,2,21
Jam-1,0.0854907676146,1,21
Jam-2,0.0854907676146,1,21
Jam-3,0.0854907676146,1,21
Jam-4,0.0854907676146,1,21
Jam-5,0.0854907676146,1,21
Jam-6,0.0854907676146,1,21
Jam-7,0.0854907676146,1,21
Jam-8,0.0854907676146,1,21
Jam-9,0.0854907676146,1,1
Jam-10,0.0854907676146,1,21
Jam-1,0.692698475735,1,21
Jam-2,0.692698475735,1,21
Jam-3,0.692698475735,1,21
Jam-4,0.692698475735,1,21
Jam-5,0.692698475735,1,21
Jam-6,0.692698475735,1,21
Jam-7,0.692698475735,1,21
Jam-8,0.692698475735,1,21
Jam-9,0.692698475735,1,1
Jam-10,0.692698475735,1,21
Jam-1,0.606404520506,1,21
Jam-2,0.606404520506,1,21
Jam-3,0.606404520506,1,21
Jam-4,0.606404520506,1,21
Jam-5,0.606404520506,1,21
Jam-6,0.606404520506,1,21
Jam-7,0.606404520506,1,21
Jam-8,0.606404520506,1,21
Jam-9,0.606404520506,1,1
Jam-10,0.606404520506,1,21
Jam-1,0.606404520506,2,21
Jam-2,0.606404520506,2,21
Jam-3,0.606404520506,2,21
Jam-4,0.606404520506,2,21
Jam-5,0.606404520506,2,21
Jam-6,0.606404520506,2,21
Jam-7,0.606404520506,2,21
Jam-8,0.606404520506,2,21
Jam-9,0.606404520506,2,1
Jam-10,0.606404520506,2,21
Jam-1,0.249966674787,2,21
Jam-2,0.249966674787,2,21
Jam-3,0.249966674787,2,21
Jam-4,0.249966674787,2,21
Jam-5,0.249966674787,2,21
Jam-6,0.249966674787,2,21
Jam-7,0.249966674787,2,21
Jam-8,0.249966674787,2,21
Jam-9,0.249966674787,2,1
Jam-10,0.249966674787,2,21
Jam-1,0.165104657961,2,21
Jam-2,0.165104657961,2,21
Jam-3,0.165104657961,2,21
Jam-4,0.165104657961,2,21
Jam-5,0.165104657961,2,21
Jam-6,0.165104657961,2,21
Jam-7,0.165104657961,2,21
Jam-8,0.165104657961,2,21
Jam-9,0.165104657961,2,1
Jam-10,0.165104657961,2,21
Jam-1,0.165104657961,2,21
Jam-2,0.165104657961,2,21
Jam-3,0.165104657961,2,21
Jam-4,0.165104657961,2,21
Jam-5,0.165104657961,2,21
Jam-6,0.165104657961,2,21
Jam-7,0.165104657961,2,21
Jam-8,0.165104657961,2,21
Jam-9,0.165104657961,2,1
Jam-10,0.165104657961,2,21
Jam-1,0.0276746146732,2,21
Jam-2,0.0276746146732,2,21
Jam-3,0.0276746146732,2,21
Jam-4,0.0276746146732,2,21
Jam-5,0.0276746146732,2,21
Jam-6,0.0276746146732,2,21
Jam-7,0.0276746146732,2,21
Jam-8,0.0276746146732,2,21
Jam-9,0.0276746146732,2,1
Jam-10,0.0276746146732,2,21
Jam-1,0.0631607778738,2,21
Jam-2,0.0631607778738,2,21
Jam-3,0.0631607778738,2,21
Jam-4,0.0631607778738,2,21
Jam-5,0.0631607778738,2,21
Jam-6,0.0631607778738,2,21
Jam-7,0.0631607778738,2,21
Jam-8,0.0631607778738,2,21
Jam-9,0.0631607778738,2,1
Jam-10,0.0631607778738,2,21
Jam-1,0.0631607778738,1,21
Jam-2,0.0631607778738,1,21
Jam-3,0.0631607778738,1,21
Jam-4,0.0631607778738,1,21
Jam-5,0.0631607778738,1,21
Jam-6,0.0631607778738,1,21
Jam-7,0.0631607778738,1,21
Jam-8,0.0631607778738,1,21
Jam-9,0.0631607778738,1,1
Jam-10,0.0631607778738,1,21
Jam-1,0.682267725762,1,21
Jam-2,0.682267725762,1,21
Jam-3,0.682267725762,1,21
Jam-4,0.682267725762,1,21
Jam-5,0.682267725762,1,21
Jam-6,0.682267725762,1,21
Jam-7,0.682267725762,1,21
Jam-8,0.682267725762,1,21
Jam-9,0.682267725762,1,1
Jam-10,0.682267725762,1,21
Jam-1,0.682267725762,1,21
Jam-2,0.682267725762,1,21
Jam-3,0.682267725762,1,21
Jam-4,0.682267725762,1,21
Jam-5,0.682267725762,1,21
Jam-6,0.682267725762,1,21
Jam-7,0.682267725762,1,21
Jam-8,0.682267725762,1,21
Jam-9,0.682267725762,1,1
Jam-10,0.682267725762,1,21
Jam-1,0.0410736228445,1,21
Jam-2,0.0410736228445,1,21
Jam-3,0.0410736228445,1,21
Jam-4,0.0410736228445,1,21
Jam-5,0.0410736228445,1,21
Jam-6,0.0410736228445,1,21
Jam-7,0.0410736228445,1,21
Jam-8,0.0410736228445,1,21
Jam-9,0.0410736228445,1,1
Jam-10,0.0410736228445,1,21
Jam-1,0.0410736228445,2,21
Jam-2,0.0410736228445,2,21
Jam-3,0.0410736228445,2,21
Jam-4,0.0410736228445,2,21
Jam-5,0.0410736228445,2,21
Jam-6,0.0410736228445,2,21
Jam-7,0.0410736228445,2,21
Jam-8,0.0410736228445,2,21
Jam-9,0.0410736228445,2,1
Jam-10,0.0410736228445,2,21
Jam-1,0.339482091632,2,21
Jam-2,0.339482091632,2,21
Jam-3,0.339482091632,2,21
Jam-4,0.339482091632,2,21
Jam-5,0.339482091632,2,21
Jam-6,0.339482091632,2,21
Jam-7,0.339482091632,2,21
Jam-8,0.339482091632,2,21
Jam-9,0.339482091632,2,1
Jam-10,0.339482091632,2,21
Jam-1,0.339482091632,3,21
Jam-2,0.339482091632,3,21
Jam-3,0.339482091632,3,21
Jam-4,0.339482091632,3,21
Jam-5,0.339482091632,3,21
Jam-6,0.339482091632,3,21
Jam-7,0.339482091632,3,21
Jam-8,0.339482091632,3,21
Jam-9,0.339482091632,3,1
Jam-10,0.339482091632,3,21
Jam-1,0.215855671623,3,21
Jam-2,0.215855671623,3,21
Jam-3,0.215855671623,3,21
Jam-4,0.215855671623,3,21
Jam-5,0.215855671623,3,21
Jam-6,0.215855671623,3,21
Jam-7,0.215855671623,3,21
Jam-8,0.215855671623,3,21
Jam-9,0.215855671623,3,1
Jam-10,0.215855671623,3,21
Jam-1,0.215855671623,2,21
Jam-2,0.215855671623,2,21
Jam-3,0.215855671623,2,21
Jam-4,0.215855671623,2,21
Jam-5,0.215855671623,2,21
Jam-6,0.215855671623,2,21
Jam-7,0.215855671623,2,21
Jam-8,0.215855671623,2,21
Jam-9,0.215855671623,2,1
Jam-10,0.215855671623,2,21
Jam-1,0.750813281279,2,21
Jam-2,0.750813281279,2,21
Jam-3,0.750813281279,2,21
Jam-4,0.750813281279,2,21
Jam-5,0.750813281279,2,21
Jam-6,0.750813281279,2,21
Jam-7,0.750813281279,2,21
Jam-8,0.750813281279,2,21
Jam-9,0.750813281279,2,1
Jam-10,0.750813281279,2,21
Jam-1,0.890558170514,2,21
Jam-2,0.890558170514,2,21
Jam-3,0.890558170514,2,21
Jam-4,0.890558170514,2,21
Jam-5,0.890558170514,2,21
Jam-6,0.890558170514,2,21
Jam-7,0.890558170514,2,21
Jam-8,0.890558170514,2,21
Jam-9,0.890558170514,2,1
Jam-10,0.890558170514,2,21
Jam-1,0.695455983797,2,21
Jam-2,0.695455983797,2,21
Jam-3,0.695455983797,2,21
Jam-4,0.695455983797,2,21
Jam-5,0.695455983797,2,21
Jam-6,0.695455983797,2,21
Jam-7,0.695455983797,2,21
Jam-8,0.695455983797,2,21
Jam-9,0.695455983797,2,1
Jam-10,0.695455983797,2,21
Jam-1,0.78373354649,2,21
Jam-2,0.78373354649,2,21
Jam-3,0.78373354649,2,21
Jam-4,0.78373354649,2,21
Jam-5,0.78373354649,2,21
Jam-6,0.78373354649,2,21
Jam-7,0.78373354649,2,21
Jam-8,0.78373354649,2,21
Jam-9,0.78373354649,2,1
Jam-10,0.78373354649,2,21
Jam-1,0.78373354649,2,21
Jam-2,0.78373354649,2,21
Jam-3,0.78373354649,2,21
Jam-4,0.78373354649,2,21
Jam-5,0.78373354649,2,21
Jam-6,0.78373354649,2,21
Jam-7,0.78373354649,2,21
Jam-8,0.78373354649,2,21
Jam-9,0.78373354649,2,1
Jam-10,0.78373354649,2,21
Jam-1,0.78373354649,1,21
Jam-2,0.78373354649,1,21
Jam-3,0.78373354649,1,21
Jam-4,0.78373354649,1,21
Jam-5,0.78373354649,1,21
Jam-6,0.78373354649,1,21
Jam-7,0.78373354649,1,21
Jam-8,0.78373354649,1,21
Jam-9,0.78373354649,1,1
Jam-10,0.78373354649,1,21
Jam-1,0.487648929527,1,21
Jam-2,0.487648929527,1,21
Jam-3,0.487648929527,1,21
Jam-4,0.487648929527,1,21
Jam-5,0.487648929527,1,21
Jam-6,0.487648929527,1,21
Jam-7,0.487648929527,1,21
Jam-8,0.487648929527,1,21
Jam-9,0.487648929527,1,1
Jam-10,0.487648929527,1,21
Jam-1,0.487648929527,2,21
Jam-2,0.487648929527,2,21
Jam-3,0.487648929527,2,21
Jam-4,0.487648929527,2,21
Jam-5,0.487648929527,2,21
Jam-6,0.487648929527,2,21
Jam-7,0.487648929527,2,21
Jam-8,0.487648929527,2,21
Jam-9,0.487648929527,2,1
Jam-10,0.487648929527,2,21
Jam-1,0.487648929527,1,21
Jam-2,0.487648929527,1,21
Jam-3,0.487648929527,1,21
Jam-4,0.487648929527,1,21
Jam-5,0.487648929527,1,21
Jam-6,0.487648929527,1,21
Jam-7,0.487648929527,1,21
Jam-8,0.487648929527,1,21
Jam-9,0.487648929527,1,1
Jam-10,0.487648929527,1,21
Jam-1,0.734536569886,1,21
Jam-2,0.734536569886,1,21
Jam-3,0.734536569886,1,21
Jam-4,0.734536569886,1,21
Jam-5,0.734536569886,1,21
Jam-6,0.734536569886,1,21
Jam-7,0.734536569886,1,21
Jam-8,0.734536569886,1,21
Jam-9,0.734536569886,1,1
Jam-10,0.734536569886,1,21
Jam-1,0.734536569886,3,21
Jam-2,0.734536569886,3,21
Jam-3,0.734536569886,3,21
Jam-4,0.734536569886,3,21
Jam-5,0.734536569886,3,21
Jam-6,0.734536569886,3,21
Jam-7,0.734536569886,3,21
Jam-8,0.734536569886,3,21
Jam-9,0.734536569886,3,1
Jam-10,0.734536569886,3,21
Jam-1,0.466525754287,3,21
Jam-2,0.466525754287,3,21
Jam-3,0.466525754287,3,21
Jam-4,0.466525754287,3,21
Jam-5,0.466525754287,3,21
Jam-6,0.466525754287,3,21
Jam-7,0.466525754287,3,21
Jam-8,0.466525754287,3,21
Jam-9,0.466525754287,3,1
Jam-10,0.466525754287,3,21
Jam-1,0.466525754287,2,21
Jam-2,0.466525754287,2,21
Jam-3,0.466525754287,2,21
Jam-4,0.466525754287,2,21
Jam-5,0.466525754287,2,21
Jam-6,0.466525754287,2,21
Jam-7,0.466525754287,2,21
Jam-8,0.466525754287,2,21
Jam-9,0.466525754287,2,1
Jam-10,0.466525754287,2,21
Jam-1,0.817507227871,2,21
Jam-2,0.817507227871,2,21
Jam-3,0.817507227871,2,21
Jam-4,0.817507227871,2,21
Jam-5,0.817507227871,2,21
Jam-6,0.817507227871,2,21
Jam-7,0.817507227871,2,21
Jam-8,0.817507227871,2,21
Jam-9,0.817507227871,2,1
Jam-10,0.817507227871,2,21
Jam-1,0.817507227871,2,21
Jam-2,0.817507227871,2,21
Jam-3,0.817507227871,2,21
Jam-4,0.817507227871,2,21
Jam-5,0.817507227871,2,21
Jam-6,0.817507227871,2,21
Jam-7,0.817507227871,2,21
Jam-8,0.817507227871,2,21
Jam-9,0.817507227871,2,1
Jam-10,0.817507227871,2,21
Jam-1,0.701536219975,2,21
Jam-2,0.701536219975,2,21
Jam-3,0.701536219975,2,21
Jam-4,0.701536219975,2,21
Jam-5,0.701536219975,2,21
Jam-6,0.701536219975,2,21
Jam-7,0.701536219975,2,21
Jam-8,0.701536219975,2,21
Jam-9,0.701536219975,2,1
Jam-10,0.701536219975,2,21
Jam-1,0.661226759493,2,21
Jam-2,0.661226759493,2,21
Jam-3,0.661226759493,2,21
Jam-4,0.661226759493,2,21
Jam-5,0.661226759493,2,21
Jam-6,0.661226759493,2,21
Jam-7,0.661226759493,2,21
Jam-8,0.661226759493,2,21
Jam-9,0.661226759493,2,1
Jam-10,0.661226759493,2,21
Jam-1,0.661226759493,1,21
Jam-2,0.661226759493,1,21
Jam-3,0.661226759493,1,21
Jam-4,0.661226759493,1,21
Jam-5,0.661226759493,1,21
Jam-6,0.661226759493,1,21
Jam-7,0.661226759493,1,21
Jam-8,0.661226759493,1,21
Jam-9,0.661226759493,1,1
Jam-10,0.661226759493,1,21
Jam-1,0.541434176074,1,21
Jam-2,0.541434176074,1,21
Jam-3,0.541434176074,1,21
Jam-4,0.541434176074,1,21
Jam-5,0.541434176074,1,21
Jam-6,0.541434176074,1,21
Jam-7,0.541434176074,1,21
Jam-8,0.541434176074,1,21
Jam-9,0.541434176074,1,1
Jam-10,0.541434176074,1,21
Jam-1,0.188057322919,1,21
Jam-2,0.188057322919,1,21
Jam-3,0.188057322919,1,21
Jam-4,0.188057322919,1,21
Jam-5,0.188057322919,1,21
Jam-6,0.188057322919,1,21
Jam-7,0.188057322919,1,21
Jam-8,0.188057322919,1,21
Jam-9,0.188057322919,1,1
Jam-10,0.188057322919,1,21
Jam-1,0.461574635119,1,21
Jam-2,0.461574635119,1,21
Jam-3,0.461574635119,1,21
Jam-4,0.461574635119,1,21
Jam-5,0.461574635119,1,21
Jam-6,0.461574635119,1,21
Jam-7,0.461574635119,1,21
Jam-8,0.461574635119,1,21
Jam-9,0.461574635119,1,1
Jam-10,0.461574635119,1,21
Jam-1,0.461574635119,1,21
Jam-2,0.461574635119,1,21
Jam-3,0.461574635119,1,21
Jam-4,0.461574635119,1,21
Jam-5,0.461574635119,1,21
Jam-6,0.461574635119,1,21
Jam-7,0.461574635119,1,21
Jam-8,0.461574635119,1,21
Jam-9,0.461574635119,1,1
Jam-10,0.461574635119,1,21
Jam-1,0.461574635119,1,21
Jam-2,0.461574635119,1,21
Jam-3,0.461574635119,1,21
Jam-4,0.461574635119,1,21
Jam-5,0.461574635119,1,21
Jam-6,0.461574635119,1,21
Jam-7,0.461574635119,1,21
Jam-8,0.461574635119,1,21
Jam-9,0.461574635119,1,1
Jam-10,0.461574635119,1,21
Jam-1,0.461574635119,1,21
Jam-2,0.461574635119,1,21
Jam-3,0.461574635119,1,21
Jam-4,0.461574635119,1,21
Jam-5,0.461574635119,1,21
Jam-6,0.461574635119,1,21
Jam-7,0.461574635119,1,21
Jam-8,0.461574635119,1,21
Jam-9,0.461574635119,1,1
Jam-10,0.461574635119,1,21
Jam-1,0.461574635119,2,21
Jam-2,0.461574635119,2,21
Jam-3,0.461574635119,2,21
Jam-4,0.461574635119,2,21
Jam-5,0.461574635119,2,21
Jam-6,0.461574635119,2,21
Jam-7,0.461574635119,2,21
Jam-8,0.461574635119,2,21
Jam-9,0.461574635119,2,1
Jam-10,0.461574635119,2,21
Jam-1,0.686212898683,2,21
Jam-2,0.686212898683,2,21
Jam-3,0.686212898683,2,21
Jam-4,0.686212898683,2,21
Jam-5,0.686212898683,2,21
Jam-6,0.686212898683,2,21
Jam-7,0.686212898683,2,21
Jam-8,0.686212898683,2,21
Jam-9,0.686212898683,2,1
Jam-10,0.686212898683,2,21
Jam-1,0.686212898683,2,21
Jam-2,0.686212898683,2,21
Jam-3,0.686212898683,2,21
Jam-4,0.686212898683,2,21
Jam-5,0.686212898683,2,21
Jam-6,0.686212898683,2,21
Jam-7,0.686212898683,2,21
Jam-8,0.686212898683,2,21
Jam-9,0.686212898683,2,1
Jam-10,0.686212898683,2,21
Jam-1,0.838548174338,2,21
Jam-2,0.838548174338,2,21
Jam-3,0.838548174338,2,21
Jam-4,0.838548174338,2,21
Jam-5,0.838548174338,2,21
Jam-6,0.838548174338,2,21
Jam-7,0.838548174338,2,21
Jam-8,0.838548174338,2,21
Jam-9,0.838548174338,2,1
Jam-10,0.838548174338,2,21
Jam-1,0.838548174338,2,21
Jam-2,0.838548174338,2,21
Jam-3,0.838548174338,2,21
Jam-4,0.838548174338,2,21
Jam-5,0.838548174338,2,21
Jam-6,0.838548174338,2,21
Jam-7,0.838548174338,2,21
Jam-8,0.838548174338,2,21
Jam-9,0.838548174338,2,1
Jam-10,0.838548174338,2,21
Jam-1,0.824231391386,2,21
Jam-2,0.824231391386,2,21
Jam-3,0.824231391386,2,21
Jam-4,0.824231391386,2,21
Jam-5,0.824231391386,2,21
Jam-6,0.824231391386,2,21
Jam-7,0.824231391386,2,21
Jam-8,0.824231391386,2,21
Jam-9,0.824231391386,2,1
Jam-10,0.824231391386,2,21
Jam-1,0.824231391386,3,21
Jam-2,0.824231391386,3,21
Jam-3,0.824231391386,3,21
Jam-4,0.824231391386,3,21
Jam-5,0.824231391386,3,21
Jam-6,0.824231391386,3,21
Jam-7,0.824231391386,3,21
Jam-8,0.824231391386,3,21
Jam-9,0.824231391386,3,1
Jam-10,0.824231391386,3,21
Jam-1,0.228357325132,3,21
Jam-2,0.228357325132,3,21
Jam-3,0.228357325132,3,21
Jam-4,0.228357325132,3,21
Jam-5,0.228357325132,3,21
Jam-6,0.228357325132,3,21
Jam-7,0.228357325132,3,21
Jam-8,0.228357325132,3,21
Jam-9,0.228357325132,3,1
Jam-10,0.228357325132,3,21
Jam-1,0.228357325132,1,21
Jam-2,0.228357325132,1,21
Jam-3,0.228357325132,1,21
Jam-4,0.228357325132,1,21
Jam-5,0.228357325132,1,21
Jam-6,0.228357325132,1,21
Jam-7,0.228357325132,1,21
Jam-8,0.228357325132,1,21
Jam-9,0.228357325132,1,1
Jam-10,0.228357325132,1,21
Jam-1,0.228357325132,3,21
Jam-2,0.228357325132,3,21
Jam-3,0.228357325132,3,21
Jam-4,0.228357325132,3,21
Jam-5,0.228357325132,3,21
Jam-6,0.228357325132,3,21
Jam-7,0.228357325132,3,21
Jam-8,0.228357325132,3,21
Jam-9,0.228357325132,3,1
Jam-10,0.228357325132,3,21
Jam-1,0.0155511783228,3,21
Jam-2,0.0155511783228,3,21
Jam-3,0.0155511783228,3,21
Jam-4,0.0155511783228,3,21
Jam-5,0.0155511783228,3,21
Jam-6,0.0155511783228,3,21
Jam-7,0.0155511783228,3,21
Jam-8,0.0155511783228,3,21
Jam-9,0.0155511783228,3,1
Jam-10,0.0155511783228,3,21
Jam-1,0.0155511783228,3,21
Jam-2,0.0155511783228,3,21
Jam-3,0.0155511783228,3,21
Jam-4,0.0155511783228,3,21
Jam-5,0.0155511783228,3,21
Jam-6,0.0155511783228,3,21
Jam-7,0.0155511783228,3,21
Jam-8,0.0155511783228,3,21
Jam-9,0.0155511783228,3,1
Jam-10,0.0155511783228,3,21
Jam-1,0.257521065948,3,21
Jam-2,0.257521065948,3,21
Jam-3,0.257521065948,3,21
Jam-4,0.257521065948,3,21
Jam-5,0.257521065948,3,21
Jam-6,0.257521065948,3,21
Jam-7,0.257521065948,3,21
Jam-8,0.257521065948,3,21
Jam-9,0.257521065948,3,1
Jam-10,0.257521065948,3,21
Jam-1,0.257521065948,1,21
Jam-2,0.257521065948,1,21
Jam-3,0.257521065948,1,21
Jam-4,0.257521065948,1,21
Jam-5,0.257521065948,1,21
Jam-6,0.257521065948,1,21
Jam-7,0.257521065948,1,21
Jam-8,0.257521065948,1,21
Jam-9,0.257521065948,1,1
Jam-10,0.257521065948,1,21
Jam-1,0.253352244135,1,21
Jam-2,0.253352244135,1,21
Jam-3,0.253352244135,1,21
Jam-4,0.253352244135,1,21
Jam-5,0.253352244135,1,21
Jam-6,0.253352244135,1,21
Jam-7,0.253352244135,1,21
Jam-8,0.253352244135,1,21
Jam-9,0.253352244135,1,1
Jam-10,0.253352244135,1,21
Jam-1,0.253352244135,1,21
Jam-2,0.253352244135,1,21
Jam-3,0.253352244135,1,21
Jam-4,0.253352244135,1,21
Jam-5,0.253352244135,1,21
Jam-6,0.253352244135,1,21
Jam-7,0.253352244135,1,21
Jam-8,0.253352244135,1,21
Jam-9,0.253352244135,1,1
Jam-10,0.253352244135,1,21
Jam-1,0.0669060483989,1,21
Jam-2,0.0669060483989,1,21
Jam-3,0.0669060483989,1,21
Jam-4,0.0669060483989,1,21
Jam-5,0.0669060483989,1,21
Jam-6,0.0669060483989,1,21
Jam-7,0.0669060483989,1,21
Jam-8,0.0669060483989,1,21
Jam-9,0.0669060483989,1,1
Jam-10,0.0669060483989,1,21
Jam-1,0.0669060483989,1,21
Jam-2,0.0669060483989,1,21
Jam-3,0.0669060483989,1,21
Jam-4,0.0669060483989,1,21
Jam-5,0.0669060483989,1,21
Jam-6,0.0669060483989,1,21
Jam-7,0.0669060483989,1,21
Jam-8,0.0669060483989,1,21
Jam-9,0.0669060483989,1,1
Jam-10,0.0669060483989,1,21
Jam-1,0.0669060483989,3,21
Jam-2,0.0669060483989,3,21
Jam-3,0.0669060483989,3,21
Jam-4,0.0669060483989,3,21
Jam-5,0.0669060483989,3,21
Jam-6,0.0669060483989,3,21
Jam-7,0.0669060483989,3,21
Jam-8,0.0669060483989,3,21
Jam-9,0.0669060483989,3,1
Jam-10,0.0669060483989,3,21
Jam-1,0.385476722982,3,21
Jam-2,0.385476722982,3,21
Jam-3,0.385476722982,3,21
Jam-4,0.385476722982,3,21
Jam-5,0.385476722982,3,21
Jam-6,0.385476722982,3,21
Jam-7,0.385476722982,3,21
Jam-8,0.385476722982,3,21
Jam-9,0.385476722982,3,1
Jam-10,0.385476722982,3,21
Jam-1,0.385476722982,3,21
Jam-2,0.385476722982,3,21
Jam-3,0.385476722982,3,21
Jam-4,0.385476722982,3,21
Jam-5,0.385476722982,3,21
Jam-6,0.385476722982,3,21
Jam-7,0.385476722982,3,21
Jam-8,0.385476722982,3,21
Jam-9,0.385476722982,3,1
Jam-10,0.385476722982,3,21
Jam-1,0.462805477002,3,21
Jam-2,0.462805477002,3,21
Jam-3,0.462805477002,3,21
Jam-4,0.462805477002,3,21
Jam-5,0.462805477002,3,21
Jam-6,0.462805477002,3,21
Jam-7,0.462805477002,3,21
Jam-8,0.462805477002,3,21
Jam-9,0.462805477002,3,1
Jam-10,0.462805477002,3,21
Jam-1,0.462805477002,1,21
Jam-2,0.462805477002,1,21
Jam-3,0.462805477002,1,21
Jam-4,0.462805477002,1,21
Jam-5,0.462805477002,1,21
Jam-6,0.462805477002,1,21
Jam-7,0.462805477002,1,21
Jam-8,0.462805477002,1,21
Jam-9,0.462805477002,1,1
Jam-10,0.462805477002,1,21
Jam-1,0.462805477002,1,21
Jam-2,0.462805477002,1,21
Jam-3,0.462805477002,1,21
Jam-4,0.462805477002,1,21
Jam-5,0.462805477002,1,21
Jam-6,0.462805477002,1,21
Jam-7,0.462805477002,1,21
Jam-8,0.462805477002,1,21
Jam-9,0.462805477002,1,1
Jam-10,0.462805477002,1,21
Jam-1,0.462805477002,2,21
Jam-2,0.462805477002,2,21
Jam-3,0.462805477002,2,21
Jam-4,0.462805477002,2,21
Jam-5,0.462805477002,2,21
Jam-6,0.462805477002,2,21
Jam-7,0.462805477002,2,21
Jam-8,0.462805477002,2,21
Jam-9,0.462805477002,2,1
Jam-10,0.462805477002,2,21
Jam-1,0.462805477002,1,21
Jam-2,0.462805477002,1,21
Jam-3,0.462805477002,1,21
Jam-4,0.462805477002,1,21
Jam-5,0.462805477002,1,21
Jam-6,0.462805477002,1,21
Jam-7,0.462805477002,1,21
Jam-8,0.462805477002,1,21
Jam-9,0.462805477002,1,1
Jam-10,0.462805477002,1,21
Jam-1,0.298087117921,1,21
Jam-2,0.298087117921,1,21
Jam-3,0.298087117921,1,21
Jam-4,0.298087117921,1,21
Jam-5,0.298087117921,1,21
Jam-6,0.298087117921,1,21
Jam-7,0.298087117921,1,21
Jam-8,0.298087117921,1,21
Jam-9,0.298087117921,1,1
Jam-10,0.298087117921,1,21
Jam-1,0.982096320562,1,21
Jam-2,0.982096320562,1,21
Jam-3,0.982096320562,1,21
Jam-4,0.982096320562,1,21
Jam-5,0.982096320562,1,21
Jam-6,0.982096320562,1,21
Jam-7,0.982096320562,1,21
Jam-8,0.982096320562,1,21
Jam-9,0.982096320562,1,1
Jam-10,0.982096320562,1,21
Jam-1,0.982096320562,2,21
Jam-2,0.982096320562,2,21
Jam-3,0.982096320562,2,21
Jam-4,0.982096320562,2,21
Jam-5,0.982096320562,2,21
Jam-6,0.982096320562,2,21
Jam-7,0.982096320562,2,21
Jam-8,0.982096320562,2,21
Jam-9,0.982096320562,2,1
Jam-10,0.982096320562,2,21
Jam-1,0.434936858314,2,21
Jam-2,0.434936858314,2,21
Jam-3,0.434936858314,2,21
Jam-4,0.434936858314,2,21
Jam-5,0.434936858314,2,21
Jam-6,0.434936858314,2,21
Jam-7,0.434936858314,2,21
Jam-8,0.434936858314,2,21
Jam-9,0.434936858314,2,1
Jam-10,0.434936858314,2,21
Jam-1,0.434936858314,2,21
Jam-2,0.434936858314,2,21
Jam-3,0.434936858314,2,21
Jam-4,0.434936858314,2,21
Jam-5,0.434936858314,2,21
Jam-6,0.434936858314,2,21
Jam-7,0.434936858314,2,21
Jam-8,0.434936858314,2,21
Jam-9,0.434936858314,2,1
Jam-10,0.434936858314,2,21
Jam-1,0.475847022064,2,21
Jam-2,0.475847022064,2,21
Jam-3,0.475847022064,2,21
Jam-4,0.475847022064,2,21
Jam-5,0.475847022064,2,21
Jam-6,0.475847022064,2,21
Jam-7,0.475847022064,2,21
Jam-8,0.475847022064,2,21
Jam-9,0.475847022064,2,1
Jam-10,0.475847022064,2,21
Jam-1,0.475847022064,1,21
Jam-2,0.475847022064,1,21
Jam-3,0.475847022064,1,21
Jam-4,0.475847022064,1,21
Jam-5,0.475847022064,1,21
Jam-6,0.475847022064,1,21
Jam-7,0.475847022064,1,21
Jam-8,0.475847022064,1,21
Jam-9,0.475847022064,1,1
Jam-10,0.475847022064,1,21
Jam-1,0.330110849634,1,21
Jam-2,0.330110849634,1,21
Jam-3,0.330110849634,1,21
Jam-4,0.330110849634,1,21
Jam-5,0.330110849634,1,21
Jam-6,0.330110849634,1,21
Jam-7,0.330110849634,1,21
Jam-8,0.330110849634,1,21
Jam-9,0.330110849634,1,1
Jam-10,0.330110849634,1,21
Jam-1,0.330110849634,3,21
Jam-2,0.330110849634,3,21
Jam-3,0.330110849634,3,21
Jam-4,0.330110849634,3,21
Jam-5,0.330110849634,3,21
Jam-6,0.330110849634,3,21
Jam-7,0.330110849634,3,21
Jam-8,0.330110849634,3,21
Jam-9,0.330110849634,3,1
Jam-10,0.330110849634,3,21
Jam-1,0.909611755687,3,21
Jam-2,0.909611755687,3,21
Jam-3,0.909611755687,3,21
Jam-4,0.909611755687,3,21
Jam-5,0.909611755687,3,21
Jam-6,0.909611755687,3,21
Jam-7,0.909611755687,3,21
Jam-8,0.909611755687,3,21
Jam-9,0.909611755687,3,1
Jam-10,0.909611755687,3,21
Jam-1,0.523619036484,3,21
Jam-2,0.523619036484,3,21
Jam-3,0.523619036484,3,21
Jam-4,0.523619036484,3,21
Jam-5,0.523619036484,3,21
Jam-6,0.523619036484,3,21
Jam-7,0.523619036484,3,21
Jam-8,0.523619036484,3,21
Jam-9,0.523619036484,3,1
Jam-10,0.523619036484,3,21
Jam-1,0.523619036484,3,21
Jam-2,0.523619036484,3,21
Jam-3,0.523619036484,3,21
Jam-4,0.523619036484,3,21
Jam-5,0.523619036484,3,21
Jam-6,0.523619036484,3,21
Jam-7,0.523619036484,3,21
Jam-8,0.523619036484,3,21
Jam-9,0.523619036484,3,1
Jam-10,0.523619036484,3,21
Jam-1,0.060254697834,3,21
Jam-2,0.060254697834,3,21
Jam-3,0.060254697834,3,21
Jam-4,0.060254697834,3,21
Jam-5,0.060254697834,3,21
Jam-6,0.060254697834,3,21
Jam-7,0.060254697834,3,21
Jam-8,0.060254697834,3,21
Jam-9,0.060254697834,3,1
Jam-10,0.060254697834,3,21
Jam-1,0.060254697834,3,21
Jam-2,0.060254697834,3,21
Jam-3,0.060254697834,3,21
Jam-4,0.060254697834,3,21
Jam-5,0.060254697834,3,21
Jam-6,0.060254697834,3,21
Jam-7,0.060254697834,3,21
Jam-8,0.060254697834,3,21
Jam-9,0.060254697834,3,1
Jam-10,0.060254697834,3,21
Jam-1,0.370048905303,3,21
Jam-2,0.370048905303,3,21
Jam-3,0.370048905303,3,21
Jam-4,0.370048905303,3,21
Jam-5,0.370048905303,3,21
Jam-6,0.370048905303,3,21
Jam-7,0.370048905303,3,21
Jam-8,0.370048905303,3,21
Jam-9,0.370048905303,3,1
Jam-10,0.370048905303,3,21
Jam-1,0.900720385608,3,21
Jam-2,0.900720385608,3,21
Jam-3,0.900720385608,3,21
Jam-4,0.900720385608,3,21
Jam-5,0.900720385608,3,21
Jam-6,0.900720385608,3,21
Jam-7,0.900720385608,3,21
Jam-8,0.900720385608,3,21
Jam-9,0.900720385608,3,1
Jam-10,0.900720385608,3,21
Jam-1,0.0308365331229,3,21
Jam-2,0.0308365331229,3,21
Jam-3,0.0308365331229,3,21
Jam-4,0.0308365331229,3,21
Jam-5,0.0308365331229,3,21
Jam-6,0.0308365331229,3,21
Jam-7,0.0308365331229,3,21
Jam-8,0.0308365331229,3,21
Jam-9,0.0308365331229,3,1
Jam-10,0.0308365331229,3,21
Jam-1,0.0308365331229,2,21
Jam-2,0.0308365331229,2,21
Jam-3,0.0308365331229,2,21
Jam-4,0.0308365331229,2,21
Jam-5,0.0308365331229,2,21
Jam-6,0.0308365331229,2,21
Jam-7,0.0308365331229,2,21
Jam-8,0.0308365331229,2,21
Jam-9,0.0308365331229,2,1
Jam-10,0.0308365331229,2,21
Jam-1,0.0308365331229,3,21
Jam-2,0.0308365331229,3,21
Jam-3,0.0308365331229,3,21
Jam-4,0.0308365331229,3,21
Jam-5,0.0308365331229,3,21
Jam-6,0.0308365331229,3,21
Jam-7,0.0308365331229,3,21
Jam-8,0.0308365331229,3,21
Jam-9,0.0308365331229,3,1
Jam-10,0.0308365331229,3,21
Jam-1,0.805984796711,3,21
Jam-2,0.805984796711,3,21
Jam-3,0.805984796711,3,21
Jam-4,0.805984796711,3,21
Jam-5,0.805984796711,3,21
Jam-6,0.805984796711,3,21
Jam-7,0.805984796711,3,21
Jam-8,0.805984796711,3,21
Jam-9,0.805984796711,3,1
Jam-10,0.805984796711,3,21
Jam-1,0.616738682583,3,21
Jam-2,0.616738682583,3,21
Jam-3,0.616738682583,3,21
Jam-4,0.616738682583,3,21
Jam-5,0.616738682583,3,21
Jam-6,0.616738682583,3,21
Jam-7,0.616738682583,3,21
Jam-8,0.616738682583,3,21
Jam-9,0.616738682583,3,1
Jam-10,0.616738682583,3,21
Jam-1,0.616738682583,3,21
Jam-2,0.616738682583,3,21
Jam-3,0.616738682583,3,21
Jam-4,0.616738682583,3,21
Jam-5,0.616738682583,3,21
Jam-6,0.616738682583,3,21
Jam-7,0.616738682583,3,21
Jam-8,0.616738682583,3,21
Jam-9,0.616738682583,3,1
Jam-10,0.616738682583,3,21
Jam-1,0.169502539225,3,21
Jam-2,0.169502539225,3,21
Jam-3,0.169502539225,3,21
Jam-4,0.169502539225,3,21
Jam-5,0.169502539225,3,21
Jam-6,0.169502539225,3,21
Jam-7,0.169502539225,3,21
Jam-8,0.169502539225,3,21
Jam-9,0.169502539225,3,1
Jam-10,0.169502539225,3,21
Jam-1,0.169502539225,1,21
Jam-2,0.169502539225,1,21
Jam-3,0.169502539225,1,21
Jam-4,0.169502539225,1,21
Jam-5,0.169502539225,1,21
Jam-6,0.169502539225,1,21
Jam-7,0.169502539225,1,21
Jam-8,0.169502539225,1,21
Jam-9,0.169502539225,1,1
Jam-10,0.169502539225,1,21
Jam-1,0.527968798899,1,21
Jam-2,0.527968798899,1,21
Jam-3,0.527968798899,1,21
Jam-4,0.527968798899,1,21
Jam-5,0.527968798899,1,21
Jam-6,0.527968798899,1,21
Jam-7,0.527968798899,1,21
Jam-8,0.527968798899,1,21
Jam-9,0.527968798899,1,1
Jam-10,0.527968798899,1,21
Jam-1,0.527968798899,1,21
Jam-2,0.527968798899,1,21
Jam-3,0.527968798899,1,21
Jam-4,0.527968798899,1,21
Jam-5,0.527968798899,1,21
Jam-6,0.527968798899,1,21
Jam-7,0.527968798899,1,21
Jam-8,0.527968798899,1,21
Jam-9,0.527968798899,1,1
Jam-10,0.527968798899,1,21
Jam-1,0.17187145093,1,21
Jam-2,0.17187145093,1,21
Jam-3,0.17187145093,1,21
Jam-4,0.17187145093,1,21
Jam-5,0.17187145093,1,21
Jam-6,0.17187145093,1,21
Jam-7,0.17187145093,1,21
Jam-8,0.17187145093,1,21
Jam-9,0.17187145093,1,1
Jam-10,0.17187145093,1,21
Jam-1,0.17187145093,2,21
Jam-2,0.17187145093,2,21
Jam-3,0.17187145093,2,21
Jam-4,0.17187145093,2,21
Jam-5,0.17187145093,2,21
Jam-6,0.17187145093,2,21
Jam-7,0.17187145093,2,21
Jam-8,0.17187145093,2,21
Jam-9,0.17187145093,2,1
Jam-10,0.17187145093,2,21
Jam-1,0.853593389056,2,21
Jam-2,0.853593389056,2,21
Jam-3,0.853593389056,2,21
Jam-4,0.853593389056,2,21
Jam-5,0.853593389056,2,21
Jam-6,0.853593389056,2,21
Jam-7,0.853593389056,2,21
Jam-8,0.853593389056,2,21
Jam-9,0.853593389056,2,1
Jam-10,0.853593389056,2,21
Jam-1,0.853593389056,1,21
Jam-2,0.853593389056,1,21
Jam-3,0.853593389056,1,21
Jam-4,0.853593389056,1,21
Jam-5,0.853593389056,1,21
Jam-6,0.853593389056,1,21
Jam-7,0.853593389056,1,21
Jam-8,0.853593389056,1,21
Jam-9,0.853593389056,1,1
Jam-10,0.853593389056,1,21
Jam-1,0.410441927418,1,21
Jam-2,0.410441927418,1,21
Jam-3,0.410441927418,1,21
Jam-4,0.410441927418,1,21
Jam-5,0.410441927418,1,21
Jam-6,0.410441927418,1,21
Jam-7,0.410441927418,1,21
Jam-8,0.410441927418,1,21
Jam-9,0.410441927418,1,1
Jam-10,0.410441927418,1,21
Jam-1,0.803395339554,1,21
Jam-2,0.803395339554,1,21
Jam-3,0.803395339554,1,21
Jam-4,0.803395339554,1,21
Jam-5,0.803395339554,1,21
Jam-6,0.803395339554,1,21
Jam-7,0.803395339554,1,21
Jam-8,0.803395339554,1,21
Jam-9,0.803395339554,1,1
Jam-10,0.803395339554,1,21
Jam-1,0.696564378367,1,21
Jam-2,0.696564378367,1,21
Jam-3,0.696564378367,1,21
Jam-4,0.696564378367,1,21
Jam-5,0.696564378367,1,21
Jam-6,0.696564378367,1,21
Jam-7,0.696564378367,1,21
Jam-8,0.696564378367,1,21
Jam-9,0.696564378367,1,1
Jam-10,0.696564378367,1,21
Jam-1,0.301140208571,1,21
Jam-2,0.301140208571,1,21
Jam-3,0.301140208571,1,21
Jam-4,0.301140208571,1,21
Jam-5,0.301140208571,1,21
Jam-6,0.301140208571,1,21
Jam-7,0.301140208571,1,21
Jam-8,0.301140208571,1,21
Jam-9,0.301140208571,1,1
Jam-10,0.301140208571,1,21
Jam-1,0.301140208571,3,21
Jam-2,0.301140208571,3,21
Jam-3,0.301140208571,3,21
Jam-4,0.301140208571,3,21
Jam-5,0.301140208571,3,21
Jam-6,0.301140208571,3,21
Jam-7,0.301140208571,3,21
Jam-8,0.301140208571,3,21
Jam-9,0.301140208571,3,1
Jam-10,0.301140208571,3,21
Jam-1,0.0764287746066,3,21
Jam-2,0.0764287746066,3,21
Jam-3,0.0764287746066,3,21
Jam-4,0.0764287746066,3,21
Jam-5,0.0764287746066,3,21
Jam-6,0.0764287746066,3,21
Jam-7,0.0764287746066,3,21
Jam-8,0.0764287746066,3,21
Jam-9,0.0764287746066,3,1
Jam-10,0.0764287746066,3,21
Jam-1,0.0764287746066,1,21
Jam-2,0.0764287746066,1,21
Jam-3,0.0764287746066,1,21
Jam-4,0.0764287746066,1,21
Jam-5,0.0764287746066,1,21
Jam-6,0.0764287746066,1,21
Jam-7,0.0764287746066,1,21
Jam-8,0.0764287746066,1,21
Jam-9,0.0764287746066,1,1
Jam-10,0.0764287746066,1,21
Jam-1,0.278163051587,1,21
Jam-2,0.278163051587,1,21
Jam-3,0.278163051587,1,21
Jam-4,0.278163051587,1,21
Jam-5,0.278163051587,1,21
Jam-6,0.278163051587,1,21
Jam-7,0.278163051587,1,21
Jam-8,0.278163051587,1,21
Jam-9,0.278163051587,1,1
Jam-10,0.278163051587,1,21
Jam-1,0.278163051587,2,21
Jam-2,0.278163051587,2,21
Jam-3,0.278163051587,2,21
Jam-4,0.278163051587,2,21
Jam-5,0.278163051587,2,21
Jam-6,0.278163051587,2,21
Jam-7,0.278163051587,2,21
Jam-8,0.278163051587,2,21
Jam-9,0.278163051587,2,1
Jam-10,0.278163051587,2,21
Jam-1,0.331995294439,2,21
Jam-2,0.331995294439,2,21
Jam-3,0.331995294439,2,21
Jam-4,0.331995294439,2,21
Jam-5,0.331995294439,2,21
Jam-6,0.331995294439,2,21
Jam-7,0.331995294439,2,21
Jam-8,0.331995294439,2,21
Jam-9,0.331995294439,2,1
Jam-10,0.331995294439,2,21
Jam-1,0.331995294439,1,21
Jam-2,0.331995294439,1,21
Jam-3,0.331995294439,1,21
Jam-4,0.331995294439,1,21
Jam-5,0.331995294439,1,21
Jam-6,0.331995294439,1,21
Jam-7,0.331995294439,1,21
Jam-8,0.331995294439,1,21
Jam-9,0.331995294439,1,1
Jam-10,0.331995294439,1,21
Jam-1,0.395026448998,1,21
Jam-2,0.395026448998,1,21
Jam-3,0.395026448998,1,21
Jam-4,0.395026448998,1,21
Jam-5,0.395026448998,1,21
Jam-6,0.395026448998,1,21
Jam-7,0.395026448998,1,21
Jam-8,0.395026448998,1,21
Jam-9,0.395026448998,1,1
Jam-10,0.395026448998,1,21
Jam-1,0.395026448998,2,21
Jam-2,0.395026448998,2,21
Jam-3,0.395026448998,2,21
Jam-4,0.395026448998,2,21
Jam-5,0.395026448998,2,21
Jam-6,0.395026448998,2,21
Jam-7,0.395026448998,2,21
Jam-8,0.395026448998,2,21
Jam-9,0.395026448998,2,1
Jam-10,0.395026448998,2,21
Jam-1,0.395026448998,2,21
Jam-2,0.395026448998,2,21
Jam-3,0.395026448998,2,21
Jam-4,0.395026448998,2,21
Jam-5,0.395026448998,2,21
Jam-6,0.395026448998,2,21
Jam-7,0.395026448998,2,21
Jam-8,0.395026448998,2,21
Jam-9,0.395026448998,2,1
Jam-10,0.395026448998,2,21
Jam-1,0.946716292681,2,21
Jam-2,0.946716292681,2,21
Jam-3,0.946716292681,2,21
Jam-4,0.946716292681,2,21
Jam-5,0.946716292681,2,21
Jam-6,0.946716292681,2,21
Jam-7,0.946716292681,2,21
Jam-8,0.946716292681,2,21
Jam-9,0.946716292681,2,1
Jam-10,0.946716292681,2,21
Jam-1,0.692373593613,2,21
Jam-2,0.692373593613,2,21
Jam-3,0.692373593613,2,21
Jam-4,0.692373593613,2,21
Jam-5,0.692373593613,2,21
Jam-6,0.692373593613,2,21
Jam-7,0.692373593613,2,21
Jam-8,0.692373593613,2,21
Jam-9,0.692373593613,2,1
Jam-10,0.692373593613,2,21
Jam-1,0.692373593613,1,21
Jam-2,0.692373593613,1,21
Jam-3,0.692373593613,1,21
Jam-4,0.692373593613,1,21
Jam-5,0.692373593613,1,21
Jam-6,0.692373593613,1,21
Jam-7,0.692373593613,1,21
Jam-8,0.692373593613,1,21
Jam-9,0.692373593613,1,1
Jam-10,0.692373593613,1,21
Jam-1,0.692373593613,3,21
Jam-2,0.692373593613,3,21
Jam-3,0.692373593613,3,21
Jam-4,0.692373593613,3,21
Jam-5,0.692373593613,3,21
Jam-6,0.692373593613,3,21
Jam-7,0.692373593613,3,21
Jam-8,0.692373593613,3,21
Jam-9,0.692373593613,3,1
Jam-10,0.692373593613,3,21
Jam-1,0.900419459384,3,21
Jam-2,0.900419459384,3,21
Jam-3,0.900419459384,3,21
Jam-4,0.900419459384,3,21
Jam-5,0.900419459384,3,21
Jam-6,0.900419459384,3,21
Jam-7,0.900419459384,3,21
Jam-8,0.900419459384,3,21
Jam-9,0.900419459384,3,1
Jam-10,0.900419459384,3,21
Jam-1,0.900419459384,2,21
Jam-2,0.900419459384,2,21
Jam-3,0.900419459384,2,21
Jam-4,0.900419459384,2,21
Jam-5,0.900419459384,2,21
Jam-6,0.900419459384,2,21
Jam-7,0.900419459384,2,21
Jam-8,0.900419459384,2,21
Jam-9,0.900419459384,2,1
Jam-10,0.900419459384,2,21
Jam-1,0.609601214827,2,21
Jam-2,0.609601214827,2,21
Jam-3,0.609601214827,2,21
Jam-4,0.609601214827,2,21
Jam-5,0.609601214827,2,21
Jam-6,0.609601214827,2,21
Jam-7,0.609601214827,2,21
Jam-8,0.609601214827,2,21
Jam-9,0.609601214827,2,1
Jam-10,0.609601214827,2,21
Jam-1,0.609601214827,2,21
Jam-2,0.609601214827,2,21
Jam-3,0.609601214827,2,21
Jam-4,0.609601214827,2,21
Jam-5,0.609601214827,2,21
Jam-6,0.609601214827,2,21
Jam-7,0.609601214827,2,21
Jam-8,0.609601214827,2,21
Jam-9,0.609601214827,2,1
Jam-10,0.609601214827,2,21
Jam-1,0.749432308677,2,21
Jam-2,0.749432308677,2,21
Jam-3,0.749432308677,2,21
Jam-4,0.749432308677,2,21
Jam-5,0.749432308677,2,21
Jam-6,0.749432308677,2,21
Jam-7,0.749432308677,2,21
Jam-8,0.749432308677,2,21
Jam-9,0.749432308677,2,1
Jam-10,0.749432308677,2,21
Jam-1,0.749432308677,3,21
Jam-2,0.749432308677,3,21
Jam-3,0.749432308677,3,21
Jam-4,0.749432308677,3,21
Jam-5,0.749432308677,3,21
Jam-6,0.749432308677,3,21
Jam-7,0.749432308677,3,21
Jam-8,0.749432308677,3,21
Jam-9,0.749432308677,3,1
Jam-10,0.749432308677,3,21
Jam-1,0.465253410221,3,21
Jam-2,0.465253410221,3,21
Jam-3,0.465253410221,3,21
Jam-4,0.465253410221,3,21
Jam-5,0.465253410221,3,21
Jam-6,0.465253410221,3,21
Jam-7,0.465253410221,3,21
Jam-8,0.465253410221,3,21
Jam-9,0.465253410221,3,1
Jam-10,0.465253410221,3,21
Jam-1,0.465253410221,2,21
Jam-2,0.465253410221,2,21
Jam-3,0.465253410221,2,21
Jam-4,0.465253410221,2,21
Jam-5,0.465253410221,2,21
Jam-6,0.465253410221,2,21
Jam-7,0.465253410221,2,21
Jam-8,0.465253410221,2,21
Jam-9,0.465253410221,2,1
Jam-10,0.465253410221,2,21
Jam-1,0.792824736334,2,21
Jam-2,0.792824736334,2,21
Jam-3,0.792824736334,2,21
Jam-4,0.792824736334,2,21
Jam-5,0.792824736334,2,21
Jam-6,0.792824736334,2,21
Jam-7,0.792824736334,2,21
Jam-8,0.792824736334,2,21
Jam-9,0.792824736334,2,1
Jam-10,0.792824736334,2,21
Jam-1,0.52181831927,2,21
Jam-2,0.52181831927,2,21
Jam-3,0.52181831927,2,21
Jam-4,0.52181831927,2,21
Jam-5,0.52181831927,2,21
Jam-6,0.52181831927,2,21
Jam-7,0.52181831927,2,21
Jam-8,0.52181831927,2,21
Jam-9,0.52181831927,2,1
Jam-10,0.52181831927,2,21
Jam-1,0.757124299178,2,21
Jam-2,0.757124299178,2,21
Jam-3,0.757124299178,2,21
Jam-4,0.757124299178,2,21
Jam-5,0.757124299178,2,21
Jam-6,0.757124299178,2,21
Jam-7,0.757124299178,2,21
Jam-8,0.757124299178,2,21
Jam-9,0.757124299178,2,1
Jam-10,0.757124299178,2,21
Jam-1,0.576067989346,2,21
Jam-2,0.576067989346,2,21
Jam-3,0.576067989346,2,21
Jam-4,0.576067989346,2,21
Jam-5,0.576067989346,2,21
Jam-6,0.576067989346,2,21
Jam-7,0.576067989346,2,21
Jam-8,0.576067989346,2,21
Jam-9,0.576067989346,2,1
Jam-10,0.576067989346,2,21
Jam-1,0.503943487658,2,21
Jam-2,0.503943487658,2,21
Jam-3,0.503943487658,2,21
Jam-4,0.503943487658,2,21
Jam-5,0.503943487658,2,21
Jam-6,0.503943487658,2,21
Jam-7,0.503943487658,2,21
Jam-8,0.503943487658,2,21
Jam-9,0.503943487658,2,1
Jam-10,0.503943487658,2,21
Jam-1,0.503943487658,3,21
Jam-2,0.503943487658,3,21
Jam-3,0.503943487658,3,21
Jam-4,0.503943487658,3,21
Jam-5,0.503943487658,3,21
Jam-6,0.503943487658,3,21
Jam-7,0.503943487658,3,21
Jam-8,0.503943487658,3,21
Jam-9,0.503943487658,3,1
Jam-10,0.503943487658,3,21
Jam-1,0.282495578228,3,21
Jam-2,0.282495578228,3,21
Jam-3,0.282495578228,3,21
Jam-4,0.282495578228,3,21
Jam-5,0.282495578228,3,21
Jam-6,0.282495578228,3,21
Jam-7,0.282495578228,3,21
Jam-8,0.282495578228,3,21
Jam-9,0.282495578228,3,1
Jam-10,0.282495578228,3,21
Jam-1,0.479866918827,3,21
Jam-2,0.479866918827,3,21
Jam-3,0.479866918827,3,21
Jam-4,0.479866918827,3,21
Jam-5,0.479866918827,3,21
Jam-6,0.479866918827,3,21
Jam-7,0.479866918827,3,21
Jam-8,0.479866918827,3,21
Jam-9,0.479866918827,3,1
Jam-10,0.479866918827,3,21
